
ZAI = [
666
0
];

NAMES = [
'lost            '
'total           '
];

iLOST    = 1;
iTOT     = 2;

MAT_fuelsalt_VOLUME = [ 1.36700E+07 1.36700E+07 1.36700E+07 1.36700E+07 1.36700E+07 1.36700E+07 1.36700E+07 1.36700E+07 1.36700E+07 1.36700E+07 1.36700E+07 1.36700E+07 1.36700E+07 1.36700E+07 1.36700E+07 1.36700E+07 1.36700E+07 1.36700E+07 1.36700E+07 1.36700E+07 1.36700E+07 1.36700E+07 1.36700E+07 1.36700E+07 1.36700E+07 1.36700E+07 1.36700E+07 1.36700E+07 1.36700E+07 1.36700E+07 1.36700E+07 1.36700E+07 1.36700E+07 1.36700E+07 1.36700E+07 1.36700E+07 1.36700E+07 1.36700E+07 1.36700E+07 1.36700E+07 1.36700E+07 1.36700E+07 1.36700E+07 1.36700E+07 1.36700E+07 1.36700E+07 1.36700E+07 1.36700E+07 1.36700E+07 1.36700E+07 1.36700E+07 1.36700E+07 1.36700E+07 1.36700E+07 1.36700E+07 1.36700E+07 1.36700E+07 1.36700E+07 1.36700E+07 1.36700E+07 1.36700E+07 1.36700E+07 1.36700E+07 1.36700E+07 1.36700E+07 1.36700E+07 1.36700E+07 1.36700E+07 1.36700E+07 1.36700E+07 1.36700E+07 1.36700E+07 ];

MAT_fuelsalt_BURNUP = [ 0.00000E+00 0.00000E+00 0.00000E+00 0.00000E+00 0.00000E+00 0.00000E+00 0.00000E+00 0.00000E+00 0.00000E+00 0.00000E+00 0.00000E+00 0.00000E+00 0.00000E+00 0.00000E+00 0.00000E+00 0.00000E+00 0.00000E+00 0.00000E+00 0.00000E+00 0.00000E+00 0.00000E+00 0.00000E+00 0.00000E+00 0.00000E+00 0.00000E+00 0.00000E+00 0.00000E+00 0.00000E+00 0.00000E+00 0.00000E+00 0.00000E+00 0.00000E+00 0.00000E+00 0.00000E+00 0.00000E+00 0.00000E+00 0.00000E+00 0.00000E+00 0.00000E+00 0.00000E+00 0.00000E+00 0.00000E+00 0.00000E+00 0.00000E+00 0.00000E+00 0.00000E+00 0.00000E+00 0.00000E+00 0.00000E+00 0.00000E+00 0.00000E+00 0.00000E+00 0.00000E+00 0.00000E+00 0.00000E+00 0.00000E+00 0.00000E+00 0.00000E+00 0.00000E+00 0.00000E+00 0.00000E+00 0.00000E+00 0.00000E+00 0.00000E+00 0.00000E+00 0.00000E+00 0.00000E+00 0.00000E+00 0.00000E+00 0.00000E+00 0.00000E+00 0.00000E+00 ];

MAT_fuelsalt_ADENS = [
0.00000E+00 5.41596E-17 1.08262E-16 2.60286E-15 7.81021E-15 1.82012E-14 3.62407E-14 5.39672E-14 7.13898E-14 8.85643E-14 1.05489E-13 1.22201E-13 1.38741E-13 1.55086E-13 1.71272E-13 1.87334E-13 2.03258E-13 2.19085E-13 2.34777E-13 2.50400E-13 2.65912E-13 2.81339E-13 2.96681E-13 3.11966E-13 3.27167E-13 3.42301E-13 3.57403E-13 3.72430E-13 4.37005E-13 5.00760E-13 5.63914E-13 6.26572E-13 6.88918E-13 7.50945E-13 8.12652E-13 8.74211E-13 9.35578E-13 9.96813E-13 1.05793E-12 1.11897E-12 1.17992E-12 1.24071E-12 1.30148E-12 1.36226E-12 1.42298E-12 1.48371E-12 1.54430E-12 1.60498E-12 1.66568E-12 1.72628E-12 1.78686E-12 1.84746E-12 1.90805E-12 1.96871E-12 2.02931E-12 2.08988E-12 2.15053E-12 2.21114E-12 2.27176E-12 2.33246E-12 2.39310E-12 2.45377E-12 2.51443E-12 2.57511E-12 2.63576E-12 2.69648E-12 2.75725E-12 2.81797E-12 2.87870E-12 2.93943E-12 3.00032E-12 3.06122E-12 % lost data
7.97438E-02 7.97438E-02 7.97438E-02 7.97438E-02 7.97439E-02 7.97441E-02 7.97443E-02 7.97446E-02 7.97448E-02 7.97451E-02 7.97453E-02 7.97456E-02 7.97459E-02 7.97461E-02 7.97464E-02 7.97466E-02 7.97469E-02 7.97471E-02 7.97474E-02 7.97476E-02 7.97479E-02 7.97481E-02 7.97484E-02 7.97486E-02 7.97489E-02 7.97491E-02 7.97494E-02 7.97496E-02 7.97507E-02 7.97518E-02 7.97528E-02 7.97539E-02 7.97549E-02 7.97559E-02 7.97569E-02 7.97579E-02 7.97589E-02 7.97598E-02 7.97608E-02 7.97617E-02 7.97626E-02 7.97635E-02 7.97644E-02 7.97652E-02 7.97661E-02 7.97669E-02 7.97678E-02 7.97686E-02 7.97694E-02 7.97702E-02 7.97709E-02 7.97717E-02 7.97724E-02 7.97732E-02 7.97739E-02 7.97746E-02 7.97753E-02 7.97760E-02 7.97767E-02 7.97774E-02 7.97780E-02 7.97787E-02 7.97793E-02 7.97799E-02 7.97805E-02 7.97811E-02 7.97817E-02 7.97823E-02 7.97829E-02 7.97835E-02 7.97840E-02 7.97846E-02 % total
];

MAT_fuelsalt_MDENS = [
0.00000E+00 0.00000E+00 0.00000E+00 0.00000E+00 0.00000E+00 0.00000E+00 0.00000E+00 0.00000E+00 0.00000E+00 0.00000E+00 0.00000E+00 0.00000E+00 0.00000E+00 0.00000E+00 0.00000E+00 0.00000E+00 0.00000E+00 0.00000E+00 0.00000E+00 0.00000E+00 0.00000E+00 0.00000E+00 0.00000E+00 0.00000E+00 0.00000E+00 0.00000E+00 0.00000E+00 0.00000E+00 0.00000E+00 0.00000E+00 0.00000E+00 0.00000E+00 0.00000E+00 0.00000E+00 0.00000E+00 0.00000E+00 0.00000E+00 0.00000E+00 0.00000E+00 0.00000E+00 0.00000E+00 0.00000E+00 0.00000E+00 0.00000E+00 0.00000E+00 0.00000E+00 0.00000E+00 0.00000E+00 0.00000E+00 0.00000E+00 0.00000E+00 0.00000E+00 0.00000E+00 0.00000E+00 0.00000E+00 0.00000E+00 0.00000E+00 0.00000E+00 0.00000E+00 0.00000E+00 0.00000E+00 0.00000E+00 0.00000E+00 0.00000E+00 0.00000E+00 0.00000E+00 0.00000E+00 0.00000E+00 0.00000E+00 0.00000E+00 0.00000E+00 0.00000E+00 % lost data
3.35933E+00 3.35933E+00 3.35933E+00 3.35932E+00 3.35929E+00 3.35924E+00 3.35913E+00 3.35903E+00 3.35892E+00 3.35882E+00 3.35871E+00 3.35861E+00 3.35851E+00 3.35841E+00 3.35831E+00 3.35821E+00 3.35811E+00 3.35801E+00 3.35791E+00 3.35781E+00 3.35771E+00 3.35761E+00 3.35752E+00 3.35742E+00 3.35732E+00 3.35723E+00 3.35713E+00 3.35704E+00 3.35663E+00 3.35623E+00 3.35584E+00 3.35545E+00 3.35507E+00 3.35470E+00 3.35434E+00 3.35399E+00 3.35364E+00 3.35329E+00 3.35295E+00 3.35262E+00 3.35230E+00 3.35198E+00 3.35167E+00 3.35136E+00 3.35105E+00 3.35076E+00 3.35046E+00 3.35018E+00 3.34989E+00 3.34962E+00 3.34934E+00 3.34908E+00 3.34881E+00 3.34855E+00 3.34830E+00 3.34805E+00 3.34780E+00 3.34756E+00 3.34732E+00 3.34709E+00 3.34686E+00 3.34663E+00 3.34641E+00 3.34619E+00 3.34598E+00 3.34577E+00 3.34556E+00 3.34536E+00 3.34516E+00 3.34496E+00 3.34477E+00 3.34458E+00 % total
];

MAT_fuelsalt_A = [
0.00000E+00 0.00000E+00 0.00000E+00 0.00000E+00 0.00000E+00 0.00000E+00 0.00000E+00 0.00000E+00 0.00000E+00 0.00000E+00 0.00000E+00 0.00000E+00 0.00000E+00 0.00000E+00 0.00000E+00 0.00000E+00 0.00000E+00 0.00000E+00 0.00000E+00 0.00000E+00 0.00000E+00 0.00000E+00 0.00000E+00 0.00000E+00 0.00000E+00 0.00000E+00 0.00000E+00 0.00000E+00 0.00000E+00 0.00000E+00 0.00000E+00 0.00000E+00 0.00000E+00 0.00000E+00 0.00000E+00 0.00000E+00 0.00000E+00 0.00000E+00 0.00000E+00 0.00000E+00 0.00000E+00 0.00000E+00 0.00000E+00 0.00000E+00 0.00000E+00 0.00000E+00 0.00000E+00 0.00000E+00 0.00000E+00 0.00000E+00 0.00000E+00 0.00000E+00 0.00000E+00 0.00000E+00 0.00000E+00 0.00000E+00 0.00000E+00 0.00000E+00 0.00000E+00 0.00000E+00 0.00000E+00 0.00000E+00 0.00000E+00 0.00000E+00 0.00000E+00 0.00000E+00 0.00000E+00 0.00000E+00 0.00000E+00 0.00000E+00 0.00000E+00 0.00000E+00 % lost data
1.11355E+12 6.27512E+19 7.08766E+19 9.18077E+19 1.01233E+20 1.09012E+20 1.13718E+20 1.14500E+20 1.14737E+20 1.14873E+20 1.14819E+20 1.14780E+20 1.14815E+20 1.14698E+20 1.14580E+20 1.14596E+20 1.14514E+20 1.14419E+20 1.14333E+20 1.14316E+20 1.14220E+20 1.14217E+20 1.14127E+20 1.14072E+20 1.14064E+20 1.13996E+20 1.13957E+20 1.13874E+20 1.16928E+20 1.16529E+20 1.16126E+20 1.15764E+20 1.15429E+20 1.15140E+20 1.14941E+20 1.14726E+20 1.14511E+20 1.14266E+20 1.14145E+20 1.13996E+20 1.13743E+20 1.13710E+20 1.13485E+20 1.13345E+20 1.13309E+20 1.13266E+20 1.13098E+20 1.12991E+20 1.12844E+20 1.12743E+20 1.12718E+20 1.12573E+20 1.12505E+20 1.12412E+20 1.12372E+20 1.12313E+20 1.12237E+20 1.12188E+20 1.12096E+20 1.12092E+20 1.11960E+20 1.11918E+20 1.11827E+20 1.11833E+20 1.11671E+20 1.11629E+20 1.11620E+20 1.11570E+20 1.11526E+20 1.11492E+20 1.11430E+20 1.11390E+20 % total
];

