
ZAI = [
666
0
];

NAMES = [
'lost            '
'total           '
];

iLOST    = 1;
iTOT     = 2;

MAT_fuelsalt_VOLUME = [ 1.36700E+07 1.36700E+07 1.36700E+07 1.36700E+07 1.36700E+07 1.36700E+07 1.36700E+07 1.36700E+07 1.36700E+07 1.36700E+07 1.36700E+07 1.36700E+07 1.36700E+07 1.36700E+07 1.36700E+07 1.36700E+07 1.36700E+07 1.36700E+07 1.36700E+07 1.36700E+07 1.36700E+07 1.36700E+07 1.36700E+07 1.36700E+07 1.36700E+07 1.36700E+07 1.36700E+07 1.36700E+07 1.36700E+07 1.36700E+07 1.36700E+07 1.36700E+07 1.36700E+07 1.36700E+07 1.36700E+07 1.36700E+07 1.36700E+07 1.36700E+07 1.36700E+07 1.36700E+07 1.36700E+07 1.36700E+07 1.36700E+07 1.36700E+07 1.36700E+07 1.36700E+07 1.36700E+07 1.36700E+07 1.36700E+07 1.36700E+07 1.36700E+07 1.36700E+07 1.36700E+07 1.36700E+07 1.36700E+07 1.36700E+07 1.36700E+07 1.36700E+07 1.36700E+07 1.36700E+07 1.36700E+07 1.36700E+07 1.36700E+07 1.36700E+07 1.36700E+07 1.36700E+07 1.36700E+07 1.36700E+07 1.36700E+07 1.36700E+07 1.36700E+07 1.36700E+07 ];

MAT_fuelsalt_BURNUP = [ 0.00000E+00 0.00000E+00 0.00000E+00 0.00000E+00 0.00000E+00 0.00000E+00 0.00000E+00 0.00000E+00 0.00000E+00 0.00000E+00 0.00000E+00 0.00000E+00 0.00000E+00 0.00000E+00 0.00000E+00 0.00000E+00 0.00000E+00 0.00000E+00 0.00000E+00 0.00000E+00 0.00000E+00 0.00000E+00 0.00000E+00 0.00000E+00 0.00000E+00 0.00000E+00 0.00000E+00 0.00000E+00 0.00000E+00 0.00000E+00 0.00000E+00 0.00000E+00 0.00000E+00 0.00000E+00 0.00000E+00 0.00000E+00 0.00000E+00 0.00000E+00 0.00000E+00 0.00000E+00 0.00000E+00 0.00000E+00 0.00000E+00 0.00000E+00 0.00000E+00 0.00000E+00 0.00000E+00 0.00000E+00 0.00000E+00 0.00000E+00 0.00000E+00 0.00000E+00 0.00000E+00 0.00000E+00 0.00000E+00 0.00000E+00 0.00000E+00 0.00000E+00 0.00000E+00 0.00000E+00 0.00000E+00 0.00000E+00 0.00000E+00 0.00000E+00 0.00000E+00 0.00000E+00 0.00000E+00 0.00000E+00 0.00000E+00 0.00000E+00 0.00000E+00 0.00000E+00 ];

MAT_fuelsalt_ADENS = [
0.00000E+00 5.41150E-17 1.08242E-16 2.60066E-15 7.80042E-15 1.81815E-14 3.61929E-14 5.39004E-14 7.13146E-14 8.84546E-14 1.05327E-13 1.22009E-13 1.38481E-13 1.54770E-13 1.70891E-13 1.86871E-13 2.02689E-13 2.18367E-13 2.33931E-13 2.49379E-13 2.64729E-13 2.79974E-13 2.95122E-13 3.10178E-13 3.25146E-13 3.40041E-13 3.54869E-13 3.69611E-13 4.32478E-13 4.94316E-13 5.55440E-13 6.15905E-13 6.75865E-13 7.35417E-13 7.94559E-13 8.53456E-13 9.12017E-13 9.70495E-13 1.02870E-12 1.08677E-12 1.14469E-12 1.20260E-12 1.26041E-12 1.31823E-12 1.37575E-12 1.43336E-12 1.49087E-12 1.54850E-12 1.60597E-12 1.66343E-12 1.72093E-12 1.77840E-12 1.83583E-12 1.89343E-12 1.95091E-12 2.00842E-12 2.06586E-12 2.12343E-12 2.18103E-12 2.23874E-12 2.29643E-12 2.35418E-12 2.41189E-12 2.46979E-12 2.52762E-12 2.58551E-12 2.64356E-12 2.70164E-12 2.75983E-12 2.81802E-12 2.87623E-12 2.93437E-12 % lost data
7.97438E-02 7.97438E-02 7.97438E-02 7.97438E-02 7.97439E-02 7.97441E-02 7.97443E-02 7.97446E-02 7.97448E-02 7.97451E-02 7.97453E-02 7.97456E-02 7.97459E-02 7.97461E-02 7.97464E-02 7.97466E-02 7.97469E-02 7.97472E-02 7.97474E-02 7.97477E-02 7.97479E-02 7.97482E-02 7.97485E-02 7.97487E-02 7.97490E-02 7.97493E-02 7.97495E-02 7.97498E-02 7.97509E-02 7.97521E-02 7.97532E-02 7.97544E-02 7.97555E-02 7.97566E-02 7.97578E-02 7.97589E-02 7.97601E-02 7.97612E-02 7.97623E-02 7.97634E-02 7.97646E-02 7.97657E-02 7.97668E-02 7.97679E-02 7.97690E-02 7.97701E-02 7.97712E-02 7.97723E-02 7.97734E-02 7.97745E-02 7.97755E-02 7.97766E-02 7.97777E-02 7.97787E-02 7.97798E-02 7.97809E-02 7.97819E-02 7.97830E-02 7.97840E-02 7.97850E-02 7.97861E-02 7.97871E-02 7.97881E-02 7.97891E-02 7.97901E-02 7.97911E-02 7.97921E-02 7.97931E-02 7.97941E-02 7.97951E-02 7.97961E-02 7.97971E-02 % total
];

MAT_fuelsalt_MDENS = [
0.00000E+00 0.00000E+00 0.00000E+00 0.00000E+00 0.00000E+00 0.00000E+00 0.00000E+00 0.00000E+00 0.00000E+00 0.00000E+00 0.00000E+00 0.00000E+00 0.00000E+00 0.00000E+00 0.00000E+00 0.00000E+00 0.00000E+00 0.00000E+00 0.00000E+00 0.00000E+00 0.00000E+00 0.00000E+00 0.00000E+00 0.00000E+00 0.00000E+00 0.00000E+00 0.00000E+00 0.00000E+00 0.00000E+00 0.00000E+00 0.00000E+00 0.00000E+00 0.00000E+00 0.00000E+00 0.00000E+00 0.00000E+00 0.00000E+00 0.00000E+00 0.00000E+00 0.00000E+00 0.00000E+00 0.00000E+00 0.00000E+00 0.00000E+00 0.00000E+00 0.00000E+00 0.00000E+00 0.00000E+00 0.00000E+00 0.00000E+00 0.00000E+00 0.00000E+00 0.00000E+00 0.00000E+00 0.00000E+00 0.00000E+00 0.00000E+00 0.00000E+00 0.00000E+00 0.00000E+00 0.00000E+00 0.00000E+00 0.00000E+00 0.00000E+00 0.00000E+00 0.00000E+00 0.00000E+00 0.00000E+00 0.00000E+00 0.00000E+00 0.00000E+00 0.00000E+00 % lost data
3.35933E+00 3.35933E+00 3.35933E+00 3.35932E+00 3.35929E+00 3.35924E+00 3.35914E+00 3.35904E+00 3.35894E+00 3.35884E+00 3.35874E+00 3.35864E+00 3.35854E+00 3.35844E+00 3.35834E+00 3.35824E+00 3.35814E+00 3.35804E+00 3.35794E+00 3.35785E+00 3.35775E+00 3.35765E+00 3.35755E+00 3.35746E+00 3.35736E+00 3.35726E+00 3.35717E+00 3.35707E+00 3.35666E+00 3.35625E+00 3.35584E+00 3.35544E+00 3.35504E+00 3.35465E+00 3.35426E+00 3.35387E+00 3.35348E+00 3.35310E+00 3.35272E+00 3.35234E+00 3.35197E+00 3.35159E+00 3.35122E+00 3.35085E+00 3.35049E+00 3.35013E+00 3.34977E+00 3.34941E+00 3.34905E+00 3.34870E+00 3.34834E+00 3.34799E+00 3.34765E+00 3.34730E+00 3.34696E+00 3.34662E+00 3.34628E+00 3.34594E+00 3.34560E+00 3.34527E+00 3.34494E+00 3.34461E+00 3.34428E+00 3.34396E+00 3.34363E+00 3.34331E+00 3.34299E+00 3.34267E+00 3.34235E+00 3.34204E+00 3.34173E+00 3.34142E+00 % total
];

MAT_fuelsalt_A = [
0.00000E+00 0.00000E+00 0.00000E+00 0.00000E+00 0.00000E+00 0.00000E+00 0.00000E+00 0.00000E+00 0.00000E+00 0.00000E+00 0.00000E+00 0.00000E+00 0.00000E+00 0.00000E+00 0.00000E+00 0.00000E+00 0.00000E+00 0.00000E+00 0.00000E+00 0.00000E+00 0.00000E+00 0.00000E+00 0.00000E+00 0.00000E+00 0.00000E+00 0.00000E+00 0.00000E+00 0.00000E+00 0.00000E+00 0.00000E+00 0.00000E+00 0.00000E+00 0.00000E+00 0.00000E+00 0.00000E+00 0.00000E+00 0.00000E+00 0.00000E+00 0.00000E+00 0.00000E+00 0.00000E+00 0.00000E+00 0.00000E+00 0.00000E+00 0.00000E+00 0.00000E+00 0.00000E+00 0.00000E+00 0.00000E+00 0.00000E+00 0.00000E+00 0.00000E+00 0.00000E+00 0.00000E+00 0.00000E+00 0.00000E+00 0.00000E+00 0.00000E+00 0.00000E+00 0.00000E+00 0.00000E+00 0.00000E+00 0.00000E+00 0.00000E+00 0.00000E+00 0.00000E+00 0.00000E+00 0.00000E+00 0.00000E+00 0.00000E+00 0.00000E+00 0.00000E+00 % lost data
1.11355E+12 6.27455E+19 7.08794E+19 9.16876E+19 1.01046E+20 1.08711E+20 1.13175E+20 1.14233E+20 1.14630E+20 1.14865E+20 1.14990E+20 1.15148E+20 1.15155E+20 1.15196E+20 1.15290E+20 1.15330E+20 1.15365E+20 1.15385E+20 1.15392E+20 1.15477E+20 1.15439E+20 1.15483E+20 1.15535E+20 1.15533E+20 1.15552E+20 1.15596E+20 1.15589E+20 1.15604E+20 1.17660E+20 1.17565E+20 1.17528E+20 1.17507E+20 1.17476E+20 1.17462E+20 1.17461E+20 1.17545E+20 1.17430E+20 1.17508E+20 1.17501E+20 1.17656E+20 1.17580E+20 1.17527E+20 1.17667E+20 1.17662E+20 1.17635E+20 1.17691E+20 1.17706E+20 1.17764E+20 1.17670E+20 1.17801E+20 1.17777E+20 1.17753E+20 1.17890E+20 1.17854E+20 1.17859E+20 1.17866E+20 1.17930E+20 1.17905E+20 1.17910E+20 1.17925E+20 1.17910E+20 1.17968E+20 1.18006E+20 1.17936E+20 1.18001E+20 1.17937E+20 1.18005E+20 1.18056E+20 1.18054E+20 1.18092E+20 1.18035E+20 1.18054E+20 % total
];

