
ZAI = [
666
0
];

NAMES = [
'lost            '
'total           '
];

iLOST    = 1;
iTOT     = 2;

MAT_fuelsalt_VOLUME = [ 1.36700E+07 1.36700E+07 1.36700E+07 1.36700E+07 1.36700E+07 1.36700E+07 1.36700E+07 1.36700E+07 1.36700E+07 1.36700E+07 1.36700E+07 1.36700E+07 1.36700E+07 1.36700E+07 1.36700E+07 1.36700E+07 1.36700E+07 1.36700E+07 1.36700E+07 1.36700E+07 1.36700E+07 1.36700E+07 1.36700E+07 1.36700E+07 1.36700E+07 1.36700E+07 1.36700E+07 1.36700E+07 1.36700E+07 1.36700E+07 1.36700E+07 1.36700E+07 1.36700E+07 1.36700E+07 1.36700E+07 1.36700E+07 1.36700E+07 1.36700E+07 1.36700E+07 1.36700E+07 1.36700E+07 1.36700E+07 1.36700E+07 1.36700E+07 1.36700E+07 1.36700E+07 1.36700E+07 1.36700E+07 1.36700E+07 1.36700E+07 1.36700E+07 1.36700E+07 1.36700E+07 1.36700E+07 1.36700E+07 1.36700E+07 1.36700E+07 1.36700E+07 1.36700E+07 1.36700E+07 1.36700E+07 1.36700E+07 1.36700E+07 1.36700E+07 1.36700E+07 1.36700E+07 1.36700E+07 1.36700E+07 1.36700E+07 1.36700E+07 1.36700E+07 1.36700E+07 ];

MAT_fuelsalt_BURNUP = [ 0.00000E+00 0.00000E+00 0.00000E+00 0.00000E+00 0.00000E+00 0.00000E+00 0.00000E+00 0.00000E+00 0.00000E+00 0.00000E+00 0.00000E+00 0.00000E+00 0.00000E+00 0.00000E+00 0.00000E+00 0.00000E+00 0.00000E+00 0.00000E+00 0.00000E+00 0.00000E+00 0.00000E+00 0.00000E+00 0.00000E+00 0.00000E+00 0.00000E+00 0.00000E+00 0.00000E+00 0.00000E+00 0.00000E+00 0.00000E+00 0.00000E+00 0.00000E+00 0.00000E+00 0.00000E+00 0.00000E+00 0.00000E+00 0.00000E+00 0.00000E+00 0.00000E+00 0.00000E+00 0.00000E+00 0.00000E+00 0.00000E+00 0.00000E+00 0.00000E+00 0.00000E+00 0.00000E+00 0.00000E+00 0.00000E+00 0.00000E+00 0.00000E+00 0.00000E+00 0.00000E+00 0.00000E+00 0.00000E+00 0.00000E+00 0.00000E+00 0.00000E+00 0.00000E+00 0.00000E+00 0.00000E+00 0.00000E+00 0.00000E+00 0.00000E+00 0.00000E+00 0.00000E+00 0.00000E+00 0.00000E+00 0.00000E+00 0.00000E+00 0.00000E+00 0.00000E+00 ];

MAT_fuelsalt_ADENS = [
0.00000E+00 5.43665E-17 1.08498E-16 3.51926E-15 9.52585E-15 1.99917E-14 3.66836E-14 5.29854E-14 6.92659E-14 8.55505E-14 1.01857E-13 1.18140E-13 1.34423E-13 1.50705E-13 1.66996E-13 1.83280E-13 1.99576E-13 2.15863E-13 2.32158E-13 2.48462E-13 2.64752E-13 2.81041E-13 2.97337E-13 3.13632E-13 3.29916E-13 3.46209E-13 3.62499E-13 3.78804E-13 4.48623E-13 5.18426E-13 5.88260E-13 6.58104E-13 7.27894E-13 7.97661E-13 8.67466E-13 9.37218E-13 1.00708E-12 1.07692E-12 1.14677E-12 1.21655E-12 1.28634E-12 1.35619E-12 1.42605E-12 1.49587E-12 1.56572E-12 1.63554E-12 1.70536E-12 1.77515E-12 1.84501E-12 1.91485E-12 1.98464E-12 2.05446E-12 2.12428E-12 2.19414E-12 2.26395E-12 2.33375E-12 2.40358E-12 2.47343E-12 2.54331E-12 2.61313E-12 2.68294E-12 2.75271E-12 2.82252E-12 2.89236E-12 2.96221E-12 3.03205E-12 3.10185E-12 3.17170E-12 3.24154E-12 3.31144E-12 3.38124E-12 3.45108E-12 % lost data
7.97438E-02 7.97438E-02 7.97438E-02 7.97438E-02 7.97439E-02 7.97439E-02 7.97439E-02 7.97439E-02 7.97439E-02 7.97439E-02 7.97439E-02 7.97439E-02 7.97439E-02 7.97439E-02 7.97439E-02 7.97439E-02 7.97439E-02 7.97439E-02 7.97439E-02 7.97439E-02 7.97439E-02 7.97439E-02 7.97439E-02 7.97439E-02 7.97439E-02 7.97439E-02 7.97439E-02 7.97439E-02 7.97439E-02 7.97439E-02 7.97439E-02 7.97439E-02 7.97439E-02 7.97439E-02 7.97439E-02 7.97439E-02 7.97439E-02 7.97439E-02 7.97439E-02 7.97439E-02 7.97439E-02 7.97439E-02 7.97439E-02 7.97439E-02 7.97439E-02 7.97439E-02 7.97439E-02 7.97439E-02 7.97439E-02 7.97439E-02 7.97439E-02 7.97439E-02 7.97439E-02 7.97439E-02 7.97439E-02 7.97439E-02 7.97439E-02 7.97439E-02 7.97439E-02 7.97439E-02 7.97439E-02 7.97439E-02 7.97439E-02 7.97439E-02 7.97439E-02 7.97439E-02 7.97439E-02 7.97439E-02 7.97439E-02 7.97439E-02 7.97439E-02 7.97439E-02 % total
];

MAT_fuelsalt_MDENS = [
0.00000E+00 0.00000E+00 0.00000E+00 0.00000E+00 0.00000E+00 0.00000E+00 0.00000E+00 0.00000E+00 0.00000E+00 0.00000E+00 0.00000E+00 0.00000E+00 0.00000E+00 0.00000E+00 0.00000E+00 0.00000E+00 0.00000E+00 0.00000E+00 0.00000E+00 0.00000E+00 0.00000E+00 0.00000E+00 0.00000E+00 0.00000E+00 0.00000E+00 0.00000E+00 0.00000E+00 0.00000E+00 0.00000E+00 0.00000E+00 0.00000E+00 0.00000E+00 0.00000E+00 0.00000E+00 0.00000E+00 0.00000E+00 0.00000E+00 0.00000E+00 0.00000E+00 0.00000E+00 0.00000E+00 0.00000E+00 0.00000E+00 0.00000E+00 0.00000E+00 0.00000E+00 0.00000E+00 0.00000E+00 0.00000E+00 0.00000E+00 0.00000E+00 0.00000E+00 0.00000E+00 0.00000E+00 0.00000E+00 0.00000E+00 0.00000E+00 0.00000E+00 0.00000E+00 0.00000E+00 0.00000E+00 0.00000E+00 0.00000E+00 0.00000E+00 0.00000E+00 0.00000E+00 0.00000E+00 0.00000E+00 0.00000E+00 0.00000E+00 0.00000E+00 0.00000E+00 % lost data
3.35931E+00 3.35930E+00 3.35928E+00 3.35879E+00 3.35822E+00 3.35785E+00 3.35777E+00 3.35776E+00 3.35776E+00 3.35776E+00 3.35776E+00 3.35776E+00 3.35776E+00 3.35776E+00 3.35776E+00 3.35776E+00 3.35776E+00 3.35776E+00 3.35776E+00 3.35776E+00 3.35776E+00 3.35776E+00 3.35776E+00 3.35776E+00 3.35776E+00 3.35776E+00 3.35776E+00 3.35776E+00 3.35776E+00 3.35776E+00 3.35776E+00 3.35776E+00 3.35776E+00 3.35776E+00 3.35776E+00 3.35776E+00 3.35776E+00 3.35776E+00 3.35776E+00 3.35776E+00 3.35776E+00 3.35776E+00 3.35776E+00 3.35776E+00 3.35776E+00 3.35776E+00 3.35776E+00 3.35776E+00 3.35776E+00 3.35776E+00 3.35776E+00 3.35776E+00 3.35776E+00 3.35776E+00 3.35776E+00 3.35776E+00 3.35776E+00 3.35776E+00 3.35776E+00 3.35776E+00 3.35776E+00 3.35776E+00 3.35776E+00 3.35776E+00 3.35776E+00 3.35776E+00 3.35776E+00 3.35776E+00 3.35776E+00 3.35776E+00 3.35776E+00 3.35776E+00 % total
];

MAT_fuelsalt_A = [
0.00000E+00 0.00000E+00 0.00000E+00 0.00000E+00 0.00000E+00 0.00000E+00 0.00000E+00 0.00000E+00 0.00000E+00 0.00000E+00 0.00000E+00 0.00000E+00 0.00000E+00 0.00000E+00 0.00000E+00 0.00000E+00 0.00000E+00 0.00000E+00 0.00000E+00 0.00000E+00 0.00000E+00 0.00000E+00 0.00000E+00 0.00000E+00 0.00000E+00 0.00000E+00 0.00000E+00 0.00000E+00 0.00000E+00 0.00000E+00 0.00000E+00 0.00000E+00 0.00000E+00 0.00000E+00 0.00000E+00 0.00000E+00 0.00000E+00 0.00000E+00 0.00000E+00 0.00000E+00 0.00000E+00 0.00000E+00 0.00000E+00 0.00000E+00 0.00000E+00 0.00000E+00 0.00000E+00 0.00000E+00 0.00000E+00 0.00000E+00 0.00000E+00 0.00000E+00 0.00000E+00 0.00000E+00 0.00000E+00 0.00000E+00 0.00000E+00 0.00000E+00 0.00000E+00 0.00000E+00 0.00000E+00 0.00000E+00 0.00000E+00 0.00000E+00 0.00000E+00 0.00000E+00 0.00000E+00 0.00000E+00 0.00000E+00 0.00000E+00 0.00000E+00 0.00000E+00 % lost data
1.16037E+12 6.37946E+19 7.15738E+19 1.60003E+20 1.28694E+20 1.02197E+20 8.74259E+19 8.41834E+19 8.39893E+19 8.39815E+19 8.39581E+19 8.39837E+19 8.39732E+19 8.39661E+19 8.40066E+19 8.39579E+19 8.39836E+19 8.39859E+19 8.39887E+19 8.39612E+19 8.39667E+19 8.39691E+19 8.39938E+19 8.39619E+19 8.39946E+19 8.39680E+19 8.39542E+19 8.39759E+19 8.39479E+19 8.39994E+19 8.40091E+19 8.39897E+19 8.39832E+19 8.39545E+19 8.39886E+19 8.39847E+19 8.39677E+19 8.39911E+19 8.39647E+19 8.39605E+19 8.39683E+19 8.39843E+19 8.39741E+19 8.39575E+19 8.39827E+19 8.39595E+19 8.39794E+19 8.39841E+19 8.39666E+19 8.39666E+19 8.39901E+19 8.39673E+19 8.39925E+19 8.39784E+19 8.39901E+19 8.39653E+19 8.40002E+19 8.40045E+19 8.39743E+19 8.39818E+19 8.39706E+19 8.40130E+19 8.39772E+19 8.39706E+19 8.39782E+19 8.40134E+19 8.39757E+19 8.39815E+19 8.39862E+19 8.39744E+19 8.39855E+19 8.39814E+19 % total
];

