
ZAI = [
666
0
];

NAMES = [
'lost            '
'total           '
];

iLOST    = 1;
iTOT     = 2;

MAT_fuelsalt_VOLUME = [ 1.36700E+07 1.36700E+07 1.36700E+07 1.36700E+07 1.36700E+07 1.36700E+07 1.36700E+07 1.36700E+07 1.36700E+07 1.36700E+07 1.36700E+07 1.36700E+07 1.36700E+07 1.36700E+07 1.36700E+07 1.36700E+07 1.36700E+07 1.36700E+07 1.36700E+07 1.36700E+07 1.36700E+07 1.36700E+07 1.36700E+07 1.36700E+07 1.36700E+07 1.36700E+07 1.36700E+07 1.36700E+07 1.36700E+07 1.36700E+07 1.36700E+07 1.36700E+07 1.36700E+07 1.36700E+07 1.36700E+07 1.36700E+07 1.36700E+07 1.36700E+07 1.36700E+07 1.36700E+07 1.36700E+07 1.36700E+07 1.36700E+07 1.36700E+07 1.36700E+07 1.36700E+07 1.36700E+07 1.36700E+07 1.36700E+07 1.36700E+07 1.36700E+07 1.36700E+07 1.36700E+07 1.36700E+07 1.36700E+07 1.36700E+07 1.36700E+07 1.36700E+07 1.36700E+07 1.36700E+07 1.36700E+07 1.36700E+07 1.36700E+07 1.36700E+07 1.36700E+07 1.36700E+07 1.36700E+07 1.36700E+07 1.36700E+07 1.36700E+07 1.36700E+07 1.36700E+07 ];

MAT_fuelsalt_BURNUP = [ 0.00000E+00 0.00000E+00 0.00000E+00 0.00000E+00 0.00000E+00 0.00000E+00 0.00000E+00 0.00000E+00 0.00000E+00 0.00000E+00 0.00000E+00 0.00000E+00 0.00000E+00 0.00000E+00 0.00000E+00 0.00000E+00 0.00000E+00 0.00000E+00 0.00000E+00 0.00000E+00 0.00000E+00 0.00000E+00 0.00000E+00 0.00000E+00 0.00000E+00 0.00000E+00 0.00000E+00 0.00000E+00 0.00000E+00 0.00000E+00 0.00000E+00 0.00000E+00 0.00000E+00 0.00000E+00 0.00000E+00 0.00000E+00 0.00000E+00 0.00000E+00 0.00000E+00 0.00000E+00 0.00000E+00 0.00000E+00 0.00000E+00 0.00000E+00 0.00000E+00 0.00000E+00 0.00000E+00 0.00000E+00 0.00000E+00 0.00000E+00 0.00000E+00 0.00000E+00 0.00000E+00 0.00000E+00 0.00000E+00 0.00000E+00 0.00000E+00 0.00000E+00 0.00000E+00 0.00000E+00 0.00000E+00 0.00000E+00 0.00000E+00 0.00000E+00 0.00000E+00 0.00000E+00 0.00000E+00 0.00000E+00 0.00000E+00 0.00000E+00 0.00000E+00 0.00000E+00 ];

MAT_fuelsalt_ADENS = [
0.00000E+00 5.38741E-17 1.07733E-16 2.58745E-15 7.76929E-15 1.81107E-14 3.60584E-14 5.37333E-14 7.11365E-14 8.82984E-14 1.05215E-13 1.21931E-13 1.38420E-13 1.54772E-13 1.70967E-13 1.87018E-13 2.02950E-13 2.18789E-13 2.34479E-13 2.50084E-13 2.65568E-13 2.80991E-13 2.96337E-13 3.11607E-13 3.26808E-13 3.41948E-13 3.57026E-13 3.72041E-13 4.36462E-13 5.00071E-13 5.63102E-13 6.25553E-13 6.87583E-13 7.49328E-13 8.10726E-13 8.71907E-13 9.32916E-13 9.93783E-13 1.05461E-12 1.11535E-12 1.17588E-12 1.23631E-12 1.29676E-12 1.35718E-12 1.41745E-12 1.47781E-12 1.53813E-12 1.59844E-12 1.65869E-12 1.71888E-12 1.77899E-12 1.83911E-12 1.89928E-12 1.95950E-12 2.01978E-12 2.07994E-12 2.14013E-12 2.20034E-12 2.26057E-12 2.32088E-12 2.38113E-12 2.44145E-12 2.50176E-12 2.56206E-12 2.62238E-12 2.68271E-12 2.74310E-12 2.80346E-12 2.86387E-12 2.92422E-12 2.98459E-12 3.04506E-12 % lost data
7.97438E-02 7.97438E-02 7.97438E-02 7.97438E-02 7.97439E-02 7.97441E-02 7.97443E-02 7.97446E-02 7.97448E-02 7.97451E-02 7.97453E-02 7.97456E-02 7.97459E-02 7.97461E-02 7.97464E-02 7.97466E-02 7.97469E-02 7.97471E-02 7.97474E-02 7.97476E-02 7.97479E-02 7.97481E-02 7.97484E-02 7.97487E-02 7.97489E-02 7.97492E-02 7.97494E-02 7.97497E-02 7.97508E-02 7.97518E-02 7.97529E-02 7.97540E-02 7.97550E-02 7.97561E-02 7.97571E-02 7.97581E-02 7.97591E-02 7.97601E-02 7.97610E-02 7.97620E-02 7.97629E-02 7.97639E-02 7.97648E-02 7.97657E-02 7.97666E-02 7.97675E-02 7.97683E-02 7.97692E-02 7.97701E-02 7.97709E-02 7.97717E-02 7.97725E-02 7.97733E-02 7.97741E-02 7.97749E-02 7.97757E-02 7.97764E-02 7.97772E-02 7.97779E-02 7.97786E-02 7.97793E-02 7.97800E-02 7.97807E-02 7.97814E-02 7.97821E-02 7.97828E-02 7.97834E-02 7.97841E-02 7.97847E-02 7.97853E-02 7.97859E-02 7.97866E-02 % total
];

MAT_fuelsalt_MDENS = [
0.00000E+00 0.00000E+00 0.00000E+00 0.00000E+00 0.00000E+00 0.00000E+00 0.00000E+00 0.00000E+00 0.00000E+00 0.00000E+00 0.00000E+00 0.00000E+00 0.00000E+00 0.00000E+00 0.00000E+00 0.00000E+00 0.00000E+00 0.00000E+00 0.00000E+00 0.00000E+00 0.00000E+00 0.00000E+00 0.00000E+00 0.00000E+00 0.00000E+00 0.00000E+00 0.00000E+00 0.00000E+00 0.00000E+00 0.00000E+00 0.00000E+00 0.00000E+00 0.00000E+00 0.00000E+00 0.00000E+00 0.00000E+00 0.00000E+00 0.00000E+00 0.00000E+00 0.00000E+00 0.00000E+00 0.00000E+00 0.00000E+00 0.00000E+00 0.00000E+00 0.00000E+00 0.00000E+00 0.00000E+00 0.00000E+00 0.00000E+00 0.00000E+00 0.00000E+00 0.00000E+00 0.00000E+00 0.00000E+00 0.00000E+00 0.00000E+00 0.00000E+00 0.00000E+00 0.00000E+00 0.00000E+00 0.00000E+00 0.00000E+00 0.00000E+00 0.00000E+00 0.00000E+00 0.00000E+00 0.00000E+00 0.00000E+00 0.00000E+00 0.00000E+00 0.00000E+00 % lost data
3.35931E+00 3.35931E+00 3.35931E+00 3.35930E+00 3.35927E+00 3.35922E+00 3.35912E+00 3.35901E+00 3.35891E+00 3.35880E+00 3.35870E+00 3.35860E+00 3.35850E+00 3.35840E+00 3.35829E+00 3.35819E+00 3.35809E+00 3.35799E+00 3.35790E+00 3.35780E+00 3.35770E+00 3.35760E+00 3.35750E+00 3.35741E+00 3.35731E+00 3.35722E+00 3.35712E+00 3.35703E+00 3.35662E+00 3.35621E+00 3.35582E+00 3.35543E+00 3.35505E+00 3.35468E+00 3.35431E+00 3.35394E+00 3.35359E+00 3.35324E+00 3.35289E+00 3.35255E+00 3.35222E+00 3.35189E+00 3.35156E+00 3.35125E+00 3.35093E+00 3.35062E+00 3.35032E+00 3.35002E+00 3.34972E+00 3.34943E+00 3.34914E+00 3.34886E+00 3.34858E+00 3.34831E+00 3.34804E+00 3.34778E+00 3.34751E+00 3.34726E+00 3.34700E+00 3.34675E+00 3.34651E+00 3.34626E+00 3.34602E+00 3.34579E+00 3.34556E+00 3.34533E+00 3.34510E+00 3.34488E+00 3.34466E+00 3.34445E+00 3.34423E+00 3.34402E+00 % total
];

MAT_fuelsalt_A = [
0.00000E+00 0.00000E+00 0.00000E+00 0.00000E+00 0.00000E+00 0.00000E+00 0.00000E+00 0.00000E+00 0.00000E+00 0.00000E+00 0.00000E+00 0.00000E+00 0.00000E+00 0.00000E+00 0.00000E+00 0.00000E+00 0.00000E+00 0.00000E+00 0.00000E+00 0.00000E+00 0.00000E+00 0.00000E+00 0.00000E+00 0.00000E+00 0.00000E+00 0.00000E+00 0.00000E+00 0.00000E+00 0.00000E+00 0.00000E+00 0.00000E+00 0.00000E+00 0.00000E+00 0.00000E+00 0.00000E+00 0.00000E+00 0.00000E+00 0.00000E+00 0.00000E+00 0.00000E+00 0.00000E+00 0.00000E+00 0.00000E+00 0.00000E+00 0.00000E+00 0.00000E+00 0.00000E+00 0.00000E+00 0.00000E+00 0.00000E+00 0.00000E+00 0.00000E+00 0.00000E+00 0.00000E+00 0.00000E+00 0.00000E+00 0.00000E+00 0.00000E+00 0.00000E+00 0.00000E+00 0.00000E+00 0.00000E+00 0.00000E+00 0.00000E+00 0.00000E+00 0.00000E+00 0.00000E+00 0.00000E+00 0.00000E+00 0.00000E+00 0.00000E+00 0.00000E+00 % lost data
1.15365E+12 6.25051E+19 7.05429E+19 9.12480E+19 1.00554E+20 1.08125E+20 1.12738E+20 1.13676E+20 1.14005E+20 1.14161E+20 1.14243E+20 1.14240E+20 1.14234E+20 1.14224E+20 1.14212E+20 1.14156E+20 1.14181E+20 1.14071E+20 1.14082E+20 1.14074E+20 1.14000E+20 1.14042E+20 1.13947E+20 1.13999E+20 1.13920E+20 1.13870E+20 1.13884E+20 1.13828E+20 1.16598E+20 1.16269E+20 1.16041E+20 1.15666E+20 1.15414E+20 1.15244E+20 1.15040E+20 1.14847E+20 1.14699E+20 1.14547E+20 1.14406E+20 1.14264E+20 1.14132E+20 1.14040E+20 1.13922E+20 1.13832E+20 1.13714E+20 1.13709E+20 1.13554E+20 1.13498E+20 1.13424E+20 1.13335E+20 1.13272E+20 1.13104E+20 1.13101E+20 1.12971E+20 1.12958E+20 1.12899E+20 1.12851E+20 1.12797E+20 1.12721E+20 1.12740E+20 1.12618E+20 1.12566E+20 1.12553E+20 1.12564E+20 1.12478E+20 1.12418E+20 1.12359E+20 1.12229E+20 1.12250E+20 1.12265E+20 1.12185E+20 1.12194E+20 % total
];

