
nuc(   1, :) = '   4009.09c';
nuc(   2, :) = '   5010.09c';
nuc(   3, :) = '   5010.09c';
nuc(   4, :) = '   5011.09c';
nuc(   5, :) = '   5011.09c';
nuc(   6, :) = '   6000.09c';
nuc(   7, :) = '   6000.09c';
nuc(   8, :) = '   6000.09s';
nuc(   9, :) = '   7014.09c';
nuc(  10, :) = '   9019.09c';
nuc(  11, :) = '  11023.09c';
nuc(  12, :) = '  14000.09c';
nuc(  13, :) = '  15031.09c';
nuc(  14, :) = '  16000.09c';
nuc(  15, :) = '  24000.09c';
nuc(  16, :) = '  25055.09c';
nuc(  17, :) = '  26000.09c';
nuc(  18, :) = '  28000.09c';
nuc(  19, :) = '  42000.09c';
nuc(  20, :) = '  90232.09c';
nuc(  21, :) = '  92234.09c';
nuc(  22, :) = '  92235.09c';
nuc(  23, :) = '  92236.09c';
nuc(  24, :) = '  92238.09c';
nuc(  25, :) = '   gre7.04t';
nuc(  26, :) = '   gre7.08t';
nuc(  27, :) = '   gre7.12t';
nuc(  28, :) = '   gre7.16t';
nuc(  29, :) = '   gre7.18t';
nuc(  30, :) = '   gre7.22t';

% ----- Analog nuclide-wise reaction rate estimates

rr = [
   1   40090    2  1.00000E-11  2.00000E+01  2.99810E+19 0.00078  %   4009.09c mt 2
   1   40090   16  1.74883E+00  2.00000E+01  4.30570E+16 0.01620  %   4009.09c mt 16
   1   40090  102  1.00000E-11  2.00000E+01  8.35615E+15 0.03567  %   4009.09c mt 102
   1   40090  103  1.42660E+01  2.00000E+01  0.00000E+00 0.00000  %   4009.09c mt 103
   1   40090  104  1.63008E+01  2.00000E+01  0.00000E+00 0.00000  %   4009.09c mt 104
   1   40090  105  1.16085E+01  2.00000E+01  0.00000E+00 0.00000  %   4009.09c mt 105
   1   40090  107  6.67153E-01  2.00000E+01  1.63711E+16 0.02735  %   4009.09c mt 107
   2   50100    2  1.00000E-11  2.00000E+01  6.84948E+16 0.01709  %   5010.09c mt 2
   2   50100   51  7.90714E-01  2.00000E+01  1.21371E+14 0.32047  %   5010.09c mt 51
   2   50100   52  1.91545E+00  2.00000E+01  1.08696E+13 1.00000  %   5010.09c mt 52
   2   50100   53  2.37132E+00  2.00000E+01  4.39646E+13 0.49626  %   5010.09c mt 53
   2   50100   54  3.94845E+00  2.00000E+01  0.00000E+00 0.00000  %   5010.09c mt 54
   2   50100   55  5.25491E+00  2.00000E+01  0.00000E+00 0.00000  %   5010.09c mt 55
   2   50100   56  5.62509E+00  2.00000E+01  1.09915E+13 1.00000  %   5010.09c mt 56
   2   50100   57  5.68409E+00  2.00000E+01  0.00000E+00 0.00000  %   5010.09c mt 57
   2   50100   58  5.70181E+00  2.00000E+01  0.00000E+00 0.00000  %   5010.09c mt 58
   2   50100   59  6.51581E+00  2.00000E+01  2.21919E+13 0.70534  %   5010.09c mt 59
   2   50100   60  6.63194E+00  2.00000E+01  0.00000E+00 0.00000  %   5010.09c mt 60
   2   50100   61  6.74443E+00  2.00000E+01  0.00000E+00 0.00000  %   5010.09c mt 61
   2   50100   62  7.15500E+00  2.00000E+01  0.00000E+00 0.00000  %   5010.09c mt 62
   2   50100   63  7.70515E+00  2.00000E+01  0.00000E+00 0.00000  %   5010.09c mt 63
   2   50100   64  8.25600E+00  2.00000E+01  0.00000E+00 0.00000  %   5010.09c mt 64
   2   50100   65  8.80600E+00  2.00000E+01  0.00000E+00 0.00000  %   5010.09c mt 65
   2   50100   66  9.35626E+00  2.00000E+01  0.00000E+00 0.00000  %   5010.09c mt 66
   2   50100   67  9.90700E+00  2.00000E+01  0.00000E+00 0.00000  %   5010.09c mt 67
   2   50100   68  1.04570E+01  2.00000E+01  0.00000E+00 0.00000  %   5010.09c mt 68
   2   50100   69  1.10074E+01  2.00000E+01  0.00000E+00 0.00000  %   5010.09c mt 69
   2   50100   70  1.15580E+01  2.00000E+01  0.00000E+00 0.00000  %   5010.09c mt 70
   2   50100   71  1.21081E+01  2.00000E+01  0.00000E+00 0.00000  %   5010.09c mt 71
   2   50100   72  1.26585E+01  2.00000E+01  0.00000E+00 0.00000  %   5010.09c mt 72
   2   50100   73  1.32090E+01  2.00000E+01  0.00000E+00 0.00000  %   5010.09c mt 73
   2   50100   74  1.37592E+01  2.00000E+01  0.00000E+00 0.00000  %   5010.09c mt 74
   2   50100   75  1.43100E+01  2.00000E+01  0.00000E+00 0.00000  %   5010.09c mt 75
   2   50100   76  1.48600E+01  2.00000E+01  0.00000E+00 0.00000  %   5010.09c mt 76
   2   50100   77  1.54103E+01  2.00000E+01  0.00000E+00 0.00000  %   5010.09c mt 77
   2   50100   78  1.59610E+01  2.00000E+01  0.00000E+00 0.00000  %   5010.09c mt 78
   2   50100   79  1.65111E+01  2.00000E+01  0.00000E+00 0.00000  %   5010.09c mt 79
   2   50100   80  1.70614E+01  2.00000E+01  0.00000E+00 0.00000  %   5010.09c mt 80
   2   50100   81  1.76120E+01  2.00000E+01  0.00000E+00 0.00000  %   5010.09c mt 81
   2   50100   82  1.81622E+01  2.00000E+01  0.00000E+00 0.00000  %   5010.09c mt 82
   2   50100   83  1.87130E+01  2.00000E+01  0.00000E+00 0.00000  %   5010.09c mt 83
   2   50100   84  1.92630E+01  2.00000E+01  0.00000E+00 0.00000  %   5010.09c mt 84
   2   50100   85  1.98133E+01  2.00000E+01  0.00000E+00 0.00000  %   5010.09c mt 85
   2   50100  102  1.00000E-11  9.99833E-01  2.07666E+14 0.21881  %   5010.09c mt 102
   2   50100  103  1.00000E-11  2.00000E+01  6.65379E+13 0.40310  %   5010.09c mt 103
   2   50100  104  4.80031E+00  2.00000E+01  2.20541E+13 0.70533  %   5010.09c mt 104
   2   50100  107  1.00000E-11  2.00000E+01  1.59065E+18 0.00330  %   5010.09c mt 107
   2   50100  113  1.00000E-11  2.00000E+01  2.51268E+14 0.20611  %   5010.09c mt 113
   3   50100    2  1.00000E-11  2.00000E+01  1.38117E+15 0.08751  %   5010.09c mt 2
   3   50100   51  7.90714E-01  2.00000E+01  0.00000E+00 0.00000  %   5010.09c mt 51
   3   50100   52  1.91545E+00  2.00000E+01  0.00000E+00 0.00000  %   5010.09c mt 52
   3   50100   53  2.37132E+00  2.00000E+01  0.00000E+00 0.00000  %   5010.09c mt 53
   3   50100   54  3.94845E+00  2.00000E+01  0.00000E+00 0.00000  %   5010.09c mt 54
   3   50100   55  5.25491E+00  2.00000E+01  0.00000E+00 0.00000  %   5010.09c mt 55
   3   50100   56  5.62509E+00  2.00000E+01  0.00000E+00 0.00000  %   5010.09c mt 56
   3   50100   57  5.68409E+00  2.00000E+01  0.00000E+00 0.00000  %   5010.09c mt 57
   3   50100   58  5.70181E+00  2.00000E+01  0.00000E+00 0.00000  %   5010.09c mt 58
   3   50100   59  6.51581E+00  2.00000E+01  0.00000E+00 0.00000  %   5010.09c mt 59
   3   50100   60  6.63194E+00  2.00000E+01  0.00000E+00 0.00000  %   5010.09c mt 60
   3   50100   61  6.74443E+00  2.00000E+01  0.00000E+00 0.00000  %   5010.09c mt 61
   3   50100   62  7.15500E+00  2.00000E+01  0.00000E+00 0.00000  %   5010.09c mt 62
   3   50100   63  7.70515E+00  2.00000E+01  0.00000E+00 0.00000  %   5010.09c mt 63
   3   50100   64  8.25600E+00  2.00000E+01  0.00000E+00 0.00000  %   5010.09c mt 64
   3   50100   65  8.80600E+00  2.00000E+01  0.00000E+00 0.00000  %   5010.09c mt 65
   3   50100   66  9.35626E+00  2.00000E+01  0.00000E+00 0.00000  %   5010.09c mt 66
   3   50100   67  9.90700E+00  2.00000E+01  0.00000E+00 0.00000  %   5010.09c mt 67
   3   50100   68  1.04570E+01  2.00000E+01  0.00000E+00 0.00000  %   5010.09c mt 68
   3   50100   69  1.10074E+01  2.00000E+01  0.00000E+00 0.00000  %   5010.09c mt 69
   3   50100   70  1.15580E+01  2.00000E+01  0.00000E+00 0.00000  %   5010.09c mt 70
   3   50100   71  1.21081E+01  2.00000E+01  0.00000E+00 0.00000  %   5010.09c mt 71
   3   50100   72  1.26585E+01  2.00000E+01  0.00000E+00 0.00000  %   5010.09c mt 72
   3   50100   73  1.32090E+01  2.00000E+01  0.00000E+00 0.00000  %   5010.09c mt 73
   3   50100   74  1.37592E+01  2.00000E+01  0.00000E+00 0.00000  %   5010.09c mt 74
   3   50100   75  1.43100E+01  2.00000E+01  0.00000E+00 0.00000  %   5010.09c mt 75
   3   50100   76  1.48600E+01  2.00000E+01  0.00000E+00 0.00000  %   5010.09c mt 76
   3   50100   77  1.54103E+01  2.00000E+01  0.00000E+00 0.00000  %   5010.09c mt 77
   3   50100   78  1.59610E+01  2.00000E+01  0.00000E+00 0.00000  %   5010.09c mt 78
   3   50100   79  1.65111E+01  2.00000E+01  0.00000E+00 0.00000  %   5010.09c mt 79
   3   50100   80  1.70614E+01  2.00000E+01  0.00000E+00 0.00000  %   5010.09c mt 80
   3   50100   81  1.76120E+01  2.00000E+01  0.00000E+00 0.00000  %   5010.09c mt 81
   3   50100   82  1.81622E+01  2.00000E+01  0.00000E+00 0.00000  %   5010.09c mt 82
   3   50100   83  1.87130E+01  2.00000E+01  0.00000E+00 0.00000  %   5010.09c mt 83
