
ZAI = [
666
0
];

NAMES = [
'lost            '
'total           '
];

iLOST    = 1;
iTOT     = 2;

MAT_fuelsalt_VOLUME = [ 1.36700E+07 1.36700E+07 1.36700E+07 1.36700E+07 1.36700E+07 1.36700E+07 1.36700E+07 1.36700E+07 1.36700E+07 1.36700E+07 1.36700E+07 1.36700E+07 1.36700E+07 1.36700E+07 1.36700E+07 1.36700E+07 1.36700E+07 1.36700E+07 1.36700E+07 1.36700E+07 1.36700E+07 1.36700E+07 1.36700E+07 1.36700E+07 1.36700E+07 1.36700E+07 1.36700E+07 1.36700E+07 1.36700E+07 1.36700E+07 1.36700E+07 1.36700E+07 1.36700E+07 1.36700E+07 1.36700E+07 1.36700E+07 1.36700E+07 1.36700E+07 1.36700E+07 1.36700E+07 1.36700E+07 1.36700E+07 1.36700E+07 1.36700E+07 1.36700E+07 1.36700E+07 1.36700E+07 1.36700E+07 1.36700E+07 1.36700E+07 1.36700E+07 1.36700E+07 1.36700E+07 1.36700E+07 1.36700E+07 1.36700E+07 1.36700E+07 1.36700E+07 1.36700E+07 1.36700E+07 1.36700E+07 1.36700E+07 1.36700E+07 1.36700E+07 1.36700E+07 1.36700E+07 1.36700E+07 1.36700E+07 1.36700E+07 1.36700E+07 1.36700E+07 1.36700E+07 ];

MAT_fuelsalt_BURNUP = [ 0.00000E+00 0.00000E+00 0.00000E+00 0.00000E+00 0.00000E+00 0.00000E+00 0.00000E+00 0.00000E+00 0.00000E+00 0.00000E+00 0.00000E+00 0.00000E+00 0.00000E+00 0.00000E+00 0.00000E+00 0.00000E+00 0.00000E+00 0.00000E+00 0.00000E+00 0.00000E+00 0.00000E+00 0.00000E+00 0.00000E+00 0.00000E+00 0.00000E+00 0.00000E+00 0.00000E+00 0.00000E+00 0.00000E+00 0.00000E+00 0.00000E+00 0.00000E+00 0.00000E+00 0.00000E+00 0.00000E+00 0.00000E+00 0.00000E+00 0.00000E+00 0.00000E+00 0.00000E+00 0.00000E+00 0.00000E+00 0.00000E+00 0.00000E+00 0.00000E+00 0.00000E+00 0.00000E+00 0.00000E+00 0.00000E+00 0.00000E+00 0.00000E+00 0.00000E+00 0.00000E+00 0.00000E+00 0.00000E+00 0.00000E+00 0.00000E+00 0.00000E+00 0.00000E+00 0.00000E+00 0.00000E+00 0.00000E+00 0.00000E+00 0.00000E+00 0.00000E+00 0.00000E+00 0.00000E+00 0.00000E+00 0.00000E+00 0.00000E+00 0.00000E+00 0.00000E+00 ];

MAT_fuelsalt_ADENS = [
0.00000E+00 5.38681E-17 1.07698E-16 2.75664E-15 8.39501E-15 1.97291E-14 3.89048E-14 5.65537E-14 7.35797E-14 9.02918E-14 1.06824E-13 1.23252E-13 1.39613E-13 1.55922E-13 1.72204E-13 1.88486E-13 2.04754E-13 2.21000E-13 2.37251E-13 2.53493E-13 2.69721E-13 2.85970E-13 3.02222E-13 3.18463E-13 3.34710E-13 3.50954E-13 3.67195E-13 3.83444E-13 4.53084E-13 5.22675E-13 5.92245E-13 6.61842E-13 7.31447E-13 8.01131E-13 8.70772E-13 9.40370E-13 1.01002E-12 1.07964E-12 1.14923E-12 1.21887E-12 1.28849E-12 1.35812E-12 1.42769E-12 1.49727E-12 1.56684E-12 1.63644E-12 1.70602E-12 1.77562E-12 1.84519E-12 1.91477E-12 1.98437E-12 2.05399E-12 2.12360E-12 2.19317E-12 2.26274E-12 2.33231E-12 2.40178E-12 2.47136E-12 2.54095E-12 2.61057E-12 2.68016E-12 2.74969E-12 2.81928E-12 2.88892E-12 2.95857E-12 3.02817E-12 3.09775E-12 3.16734E-12 3.23691E-12 3.30650E-12 3.37612E-12 3.44569E-12 % lost data
7.97438E-02 7.97438E-02 7.97438E-02 7.97438E-02 7.97439E-02 7.97441E-02 7.97442E-02 7.97443E-02 7.97444E-02 7.97444E-02 7.97444E-02 7.97444E-02 7.97444E-02 7.97444E-02 7.97444E-02 7.97444E-02 7.97444E-02 7.97444E-02 7.97444E-02 7.97444E-02 7.97444E-02 7.97444E-02 7.97444E-02 7.97444E-02 7.97444E-02 7.97444E-02 7.97444E-02 7.97444E-02 7.97444E-02 7.97444E-02 7.97444E-02 7.97444E-02 7.97444E-02 7.97444E-02 7.97444E-02 7.97444E-02 7.97444E-02 7.97444E-02 7.97444E-02 7.97444E-02 7.97444E-02 7.97444E-02 7.97444E-02 7.97444E-02 7.97444E-02 7.97444E-02 7.97444E-02 7.97444E-02 7.97444E-02 7.97444E-02 7.97444E-02 7.97444E-02 7.97444E-02 7.97444E-02 7.97444E-02 7.97444E-02 7.97444E-02 7.97444E-02 7.97444E-02 7.97444E-02 7.97444E-02 7.97444E-02 7.97444E-02 7.97444E-02 7.97444E-02 7.97444E-02 7.97444E-02 7.97444E-02 7.97444E-02 7.97444E-02 7.97444E-02 7.97444E-02 % total
];

MAT_fuelsalt_MDENS = [
0.00000E+00 0.00000E+00 0.00000E+00 0.00000E+00 0.00000E+00 0.00000E+00 0.00000E+00 0.00000E+00 0.00000E+00 0.00000E+00 0.00000E+00 0.00000E+00 0.00000E+00 0.00000E+00 0.00000E+00 0.00000E+00 0.00000E+00 0.00000E+00 0.00000E+00 0.00000E+00 0.00000E+00 0.00000E+00 0.00000E+00 0.00000E+00 0.00000E+00 0.00000E+00 0.00000E+00 0.00000E+00 0.00000E+00 0.00000E+00 0.00000E+00 0.00000E+00 0.00000E+00 0.00000E+00 0.00000E+00 0.00000E+00 0.00000E+00 0.00000E+00 0.00000E+00 0.00000E+00 0.00000E+00 0.00000E+00 0.00000E+00 0.00000E+00 0.00000E+00 0.00000E+00 0.00000E+00 0.00000E+00 0.00000E+00 0.00000E+00 0.00000E+00 0.00000E+00 0.00000E+00 0.00000E+00 0.00000E+00 0.00000E+00 0.00000E+00 0.00000E+00 0.00000E+00 0.00000E+00 0.00000E+00 0.00000E+00 0.00000E+00 0.00000E+00 0.00000E+00 0.00000E+00 0.00000E+00 0.00000E+00 0.00000E+00 0.00000E+00 0.00000E+00 0.00000E+00 % lost data
3.35931E+00 3.35931E+00 3.35931E+00 3.35921E+00 3.35902E+00 3.35869E+00 3.35828E+00 3.35802E+00 3.35786E+00 3.35776E+00 3.35769E+00 3.35765E+00 3.35762E+00 3.35760E+00 3.35759E+00 3.35758E+00 3.35758E+00 3.35758E+00 3.35758E+00 3.35757E+00 3.35757E+00 3.35757E+00 3.35757E+00 3.35757E+00 3.35757E+00 3.35757E+00 3.35757E+00 3.35757E+00 3.35757E+00 3.35757E+00 3.35757E+00 3.35757E+00 3.35757E+00 3.35757E+00 3.35757E+00 3.35757E+00 3.35757E+00 3.35757E+00 3.35757E+00 3.35757E+00 3.35757E+00 3.35757E+00 3.35757E+00 3.35757E+00 3.35757E+00 3.35757E+00 3.35757E+00 3.35757E+00 3.35757E+00 3.35757E+00 3.35757E+00 3.35757E+00 3.35757E+00 3.35757E+00 3.35757E+00 3.35757E+00 3.35757E+00 3.35757E+00 3.35757E+00 3.35757E+00 3.35757E+00 3.35757E+00 3.35757E+00 3.35757E+00 3.35757E+00 3.35757E+00 3.35757E+00 3.35757E+00 3.35757E+00 3.35757E+00 3.35757E+00 3.35757E+00 % total
];

MAT_fuelsalt_A = [
0.00000E+00 0.00000E+00 0.00000E+00 0.00000E+00 0.00000E+00 0.00000E+00 0.00000E+00 0.00000E+00 0.00000E+00 0.00000E+00 0.00000E+00 0.00000E+00 0.00000E+00 0.00000E+00 0.00000E+00 0.00000E+00 0.00000E+00 0.00000E+00 0.00000E+00 0.00000E+00 0.00000E+00 0.00000E+00 0.00000E+00 0.00000E+00 0.00000E+00 0.00000E+00 0.00000E+00 0.00000E+00 0.00000E+00 0.00000E+00 0.00000E+00 0.00000E+00 0.00000E+00 0.00000E+00 0.00000E+00 0.00000E+00 0.00000E+00 0.00000E+00 0.00000E+00 0.00000E+00 0.00000E+00 0.00000E+00 0.00000E+00 0.00000E+00 0.00000E+00 0.00000E+00 0.00000E+00 0.00000E+00 0.00000E+00 0.00000E+00 0.00000E+00 0.00000E+00 0.00000E+00 0.00000E+00 0.00000E+00 0.00000E+00 0.00000E+00 0.00000E+00 0.00000E+00 0.00000E+00 0.00000E+00 0.00000E+00 0.00000E+00 0.00000E+00 0.00000E+00 0.00000E+00 0.00000E+00 0.00000E+00 0.00000E+00 0.00000E+00 0.00000E+00 0.00000E+00 % lost data
1.16037E+12 6.26645E+19 7.06662E+19 1.04445E+20 1.19575E+20 1.28388E+20 1.24224E+20 1.08564E+20 1.02005E+20 9.86487E+19 9.67341E+19 9.55899E+19 9.48953E+19 9.45039E+19 9.41738E+19 9.40042E+19 9.38836E+19 9.38072E+19 9.37418E+19 9.37247E+19 9.37117E+19 9.37087E+19 9.36831E+19 9.36915E+19 9.36879E+19 9.36786E+19 9.36840E+19 9.36785E+19 9.36955E+19 9.36699E+19 9.36713E+19 9.36513E+19 9.36559E+19 9.36842E+19 9.36537E+19 9.36844E+19 9.36351E+19 9.36652E+19 9.36909E+19 9.36516E+19 9.36384E+19 9.36781E+19 9.36483E+19 9.36567E+19 9.36513E+19 9.36472E+19 9.36823E+19 9.36903E+19 9.36703E+19 9.36715E+19 9.36709E+19 9.36604E+19 9.36999E+19 9.36674E+19 9.37041E+19 9.36686E+19 9.36880E+19 9.36717E+19 9.36753E+19 9.36592E+19 9.36620E+19 9.36701E+19 9.36834E+19 9.36550E+19 9.36480E+19 9.36722E+19 9.36805E+19 9.36824E+19 9.36537E+19 9.36751E+19 9.37012E+19 9.36743E+19 % total
];

