
ZAI = [
666
0
];

NAMES = [
'lost            '
'total           '
];

iLOST    = 1;
iTOT     = 2;

MAT_fuelsalt_VOLUME = [ 1.36700E+07 1.36700E+07 1.36700E+07 1.36700E+07 1.36700E+07 1.36700E+07 1.36700E+07 1.36700E+07 1.36700E+07 1.36700E+07 1.36700E+07 1.36700E+07 1.36700E+07 1.36700E+07 1.36700E+07 1.36700E+07 1.36700E+07 1.36700E+07 1.36700E+07 1.36700E+07 1.36700E+07 1.36700E+07 1.36700E+07 1.36700E+07 1.36700E+07 1.36700E+07 1.36700E+07 1.36700E+07 1.36700E+07 1.36700E+07 1.36700E+07 1.36700E+07 1.36700E+07 1.36700E+07 1.36700E+07 1.36700E+07 1.36700E+07 1.36700E+07 1.36700E+07 1.36700E+07 1.36700E+07 1.36700E+07 1.36700E+07 1.36700E+07 1.36700E+07 1.36700E+07 1.36700E+07 1.36700E+07 1.36700E+07 1.36700E+07 1.36700E+07 1.36700E+07 1.36700E+07 1.36700E+07 1.36700E+07 1.36700E+07 1.36700E+07 1.36700E+07 1.36700E+07 1.36700E+07 1.36700E+07 1.36700E+07 1.36700E+07 1.36700E+07 1.36700E+07 1.36700E+07 1.36700E+07 1.36700E+07 1.36700E+07 1.36700E+07 1.36700E+07 1.36700E+07 ];

MAT_fuelsalt_BURNUP = [ 0.00000E+00 0.00000E+00 0.00000E+00 0.00000E+00 0.00000E+00 0.00000E+00 0.00000E+00 0.00000E+00 0.00000E+00 0.00000E+00 0.00000E+00 0.00000E+00 0.00000E+00 0.00000E+00 0.00000E+00 0.00000E+00 0.00000E+00 0.00000E+00 0.00000E+00 0.00000E+00 0.00000E+00 0.00000E+00 0.00000E+00 0.00000E+00 0.00000E+00 0.00000E+00 0.00000E+00 0.00000E+00 0.00000E+00 0.00000E+00 0.00000E+00 0.00000E+00 0.00000E+00 0.00000E+00 0.00000E+00 0.00000E+00 0.00000E+00 0.00000E+00 0.00000E+00 0.00000E+00 0.00000E+00 0.00000E+00 0.00000E+00 0.00000E+00 0.00000E+00 0.00000E+00 0.00000E+00 0.00000E+00 0.00000E+00 0.00000E+00 0.00000E+00 0.00000E+00 0.00000E+00 0.00000E+00 0.00000E+00 0.00000E+00 0.00000E+00 0.00000E+00 0.00000E+00 0.00000E+00 0.00000E+00 0.00000E+00 0.00000E+00 0.00000E+00 0.00000E+00 0.00000E+00 0.00000E+00 0.00000E+00 0.00000E+00 0.00000E+00 0.00000E+00 0.00000E+00 ];

MAT_fuelsalt_ADENS = [
0.00000E+00 5.38553E-17 1.07772E-16 2.59018E-15 7.77225E-15 1.81116E-14 3.60716E-14 5.37478E-14 7.11376E-14 8.82769E-14 1.05200E-13 1.21892E-13 1.38405E-13 1.54745E-13 1.70907E-13 1.86924E-13 2.02833E-13 2.18643E-13 2.34338E-13 2.49917E-13 2.65403E-13 2.80806E-13 2.96119E-13 3.11352E-13 3.26511E-13 3.41603E-13 3.56660E-13 3.71642E-13 4.35820E-13 4.99062E-13 5.61743E-13 6.23889E-13 6.85492E-13 7.46875E-13 8.07909E-13 8.68659E-13 9.29288E-13 9.89647E-13 1.04996E-12 1.11024E-12 1.17035E-12 1.23038E-12 1.29022E-12 1.35013E-12 1.40994E-12 1.46962E-12 1.52944E-12 1.58923E-12 1.64907E-12 1.70870E-12 1.76845E-12 1.82818E-12 1.88783E-12 1.94758E-12 2.00733E-12 2.06707E-12 2.12678E-12 2.18651E-12 2.24631E-12 2.30600E-12 2.36575E-12 2.42559E-12 2.48549E-12 2.54547E-12 2.60539E-12 2.66521E-12 2.72511E-12 2.78513E-12 2.84508E-12 2.90510E-12 2.96522E-12 3.02519E-12 % lost data
7.97438E-02 7.97438E-02 7.97438E-02 7.97438E-02 7.97439E-02 7.97441E-02 7.97443E-02 7.97446E-02 7.97448E-02 7.97451E-02 7.97453E-02 7.97456E-02 7.97459E-02 7.97461E-02 7.97464E-02 7.97466E-02 7.97469E-02 7.97471E-02 7.97474E-02 7.97477E-02 7.97479E-02 7.97482E-02 7.97484E-02 7.97487E-02 7.97489E-02 7.97492E-02 7.97494E-02 7.97497E-02 7.97508E-02 7.97519E-02 7.97530E-02 7.97541E-02 7.97551E-02 7.97562E-02 7.97572E-02 7.97583E-02 7.97593E-02 7.97603E-02 7.97613E-02 7.97623E-02 7.97633E-02 7.97643E-02 7.97652E-02 7.97662E-02 7.97671E-02 7.97681E-02 7.97690E-02 7.97699E-02 7.97708E-02 7.97717E-02 7.97725E-02 7.97734E-02 7.97743E-02 7.97751E-02 7.97760E-02 7.97768E-02 7.97776E-02 7.97784E-02 7.97792E-02 7.97800E-02 7.97808E-02 7.97815E-02 7.97823E-02 7.97830E-02 7.97838E-02 7.97845E-02 7.97852E-02 7.97860E-02 7.97867E-02 7.97874E-02 7.97880E-02 7.97887E-02 % total
];

MAT_fuelsalt_MDENS = [
0.00000E+00 0.00000E+00 0.00000E+00 0.00000E+00 0.00000E+00 0.00000E+00 0.00000E+00 0.00000E+00 0.00000E+00 0.00000E+00 0.00000E+00 0.00000E+00 0.00000E+00 0.00000E+00 0.00000E+00 0.00000E+00 0.00000E+00 0.00000E+00 0.00000E+00 0.00000E+00 0.00000E+00 0.00000E+00 0.00000E+00 0.00000E+00 0.00000E+00 0.00000E+00 0.00000E+00 0.00000E+00 0.00000E+00 0.00000E+00 0.00000E+00 0.00000E+00 0.00000E+00 0.00000E+00 0.00000E+00 0.00000E+00 0.00000E+00 0.00000E+00 0.00000E+00 0.00000E+00 0.00000E+00 0.00000E+00 0.00000E+00 0.00000E+00 0.00000E+00 0.00000E+00 0.00000E+00 0.00000E+00 0.00000E+00 0.00000E+00 0.00000E+00 0.00000E+00 0.00000E+00 0.00000E+00 0.00000E+00 0.00000E+00 0.00000E+00 0.00000E+00 0.00000E+00 0.00000E+00 0.00000E+00 0.00000E+00 0.00000E+00 0.00000E+00 0.00000E+00 0.00000E+00 0.00000E+00 0.00000E+00 0.00000E+00 0.00000E+00 0.00000E+00 0.00000E+00 % lost data
3.35931E+00 3.35931E+00 3.35931E+00 3.35930E+00 3.35928E+00 3.35922E+00 3.35912E+00 3.35901E+00 3.35891E+00 3.35881E+00 3.35871E+00 3.35860E+00 3.35850E+00 3.35840E+00 3.35830E+00 3.35820E+00 3.35810E+00 3.35800E+00 3.35790E+00 3.35780E+00 3.35771E+00 3.35761E+00 3.35751E+00 3.35742E+00 3.35732E+00 3.35722E+00 3.35713E+00 3.35703E+00 3.35662E+00 3.35622E+00 3.35582E+00 3.35543E+00 3.35504E+00 3.35466E+00 3.35429E+00 3.35392E+00 3.35356E+00 3.35320E+00 3.35284E+00 3.35249E+00 3.35215E+00 3.35181E+00 3.35148E+00 3.35115E+00 3.35082E+00 3.35050E+00 3.35018E+00 3.34987E+00 3.34956E+00 3.34925E+00 3.34895E+00 3.34866E+00 3.34836E+00 3.34807E+00 3.34779E+00 3.34750E+00 3.34723E+00 3.34695E+00 3.34668E+00 3.34641E+00 3.34615E+00 3.34589E+00 3.34563E+00 3.34537E+00 3.34512E+00 3.34487E+00 3.34463E+00 3.34439E+00 3.34415E+00 3.34391E+00 3.34368E+00 3.34345E+00 % total
];

MAT_fuelsalt_A = [
0.00000E+00 0.00000E+00 0.00000E+00 0.00000E+00 0.00000E+00 0.00000E+00 0.00000E+00 0.00000E+00 0.00000E+00 0.00000E+00 0.00000E+00 0.00000E+00 0.00000E+00 0.00000E+00 0.00000E+00 0.00000E+00 0.00000E+00 0.00000E+00 0.00000E+00 0.00000E+00 0.00000E+00 0.00000E+00 0.00000E+00 0.00000E+00 0.00000E+00 0.00000E+00 0.00000E+00 0.00000E+00 0.00000E+00 0.00000E+00 0.00000E+00 0.00000E+00 0.00000E+00 0.00000E+00 0.00000E+00 0.00000E+00 0.00000E+00 0.00000E+00 0.00000E+00 0.00000E+00 0.00000E+00 0.00000E+00 0.00000E+00 0.00000E+00 0.00000E+00 0.00000E+00 0.00000E+00 0.00000E+00 0.00000E+00 0.00000E+00 0.00000E+00 0.00000E+00 0.00000E+00 0.00000E+00 0.00000E+00 0.00000E+00 0.00000E+00 0.00000E+00 0.00000E+00 0.00000E+00 0.00000E+00 0.00000E+00 0.00000E+00 0.00000E+00 0.00000E+00 0.00000E+00 0.00000E+00 0.00000E+00 0.00000E+00 0.00000E+00 0.00000E+00 0.00000E+00 % lost data
1.15365E+12 6.24904E+19 7.05411E+19 9.12543E+19 1.00549E+20 1.08067E+20 1.12642E+20 1.13607E+20 1.13936E+20 1.14164E+20 1.14227E+20 1.14253E+20 1.14319E+20 1.14315E+20 1.14290E+20 1.14265E+20 1.14300E+20 1.14327E+20 1.14280E+20 1.14226E+20 1.14232E+20 1.14251E+20 1.14238E+20 1.14176E+20 1.14166E+20 1.14170E+20 1.14141E+20 1.14120E+20 1.16796E+20 1.16473E+20 1.16252E+20 1.15939E+20 1.15775E+20 1.15592E+20 1.15464E+20 1.15349E+20 1.15184E+20 1.15078E+20 1.14916E+20 1.14894E+20 1.14801E+20 1.14643E+20 1.14593E+20 1.14428E+20 1.14420E+20 1.14379E+20 1.14323E+20 1.14204E+20 1.14141E+20 1.14099E+20 1.13981E+20 1.13957E+20 1.13890E+20 1.13907E+20 1.13777E+20 1.13751E+20 1.13649E+20 1.13655E+20 1.13590E+20 1.13556E+20 1.13552E+20 1.13521E+20 1.13431E+20 1.13391E+20 1.13329E+20 1.13407E+20 1.13282E+20 1.13237E+20 1.13222E+20 1.13204E+20 1.13195E+20 1.13129E+20 % total
];

