
ZAI = [
666
0
];

NAMES = [
'lost            '
'total           '
];

iLOST    = 1;
iTOT     = 2;

MAT_fuelsalt_VOLUME = [ 1.36700E+07 1.36700E+07 1.36700E+07 1.36700E+07 1.36700E+07 1.36700E+07 1.36700E+07 1.36700E+07 1.36700E+07 1.36700E+07 1.36700E+07 1.36700E+07 1.36700E+07 1.36700E+07 1.36700E+07 1.36700E+07 1.36700E+07 1.36700E+07 1.36700E+07 1.36700E+07 1.36700E+07 1.36700E+07 1.36700E+07 1.36700E+07 1.36700E+07 1.36700E+07 1.36700E+07 1.36700E+07 1.36700E+07 1.36700E+07 1.36700E+07 1.36700E+07 1.36700E+07 1.36700E+07 1.36700E+07 1.36700E+07 1.36700E+07 1.36700E+07 1.36700E+07 1.36700E+07 1.36700E+07 1.36700E+07 1.36700E+07 1.36700E+07 1.36700E+07 1.36700E+07 1.36700E+07 1.36700E+07 1.36700E+07 1.36700E+07 1.36700E+07 1.36700E+07 1.36700E+07 1.36700E+07 1.36700E+07 1.36700E+07 1.36700E+07 1.36700E+07 1.36700E+07 1.36700E+07 1.36700E+07 1.36700E+07 1.36700E+07 1.36700E+07 1.36700E+07 1.36700E+07 1.36700E+07 1.36700E+07 1.36700E+07 1.36700E+07 1.36700E+07 1.36700E+07 ];

MAT_fuelsalt_BURNUP = [ 0.00000E+00 0.00000E+00 0.00000E+00 0.00000E+00 0.00000E+00 0.00000E+00 0.00000E+00 0.00000E+00 0.00000E+00 0.00000E+00 0.00000E+00 0.00000E+00 0.00000E+00 0.00000E+00 0.00000E+00 0.00000E+00 0.00000E+00 0.00000E+00 0.00000E+00 0.00000E+00 0.00000E+00 0.00000E+00 0.00000E+00 0.00000E+00 0.00000E+00 0.00000E+00 0.00000E+00 0.00000E+00 0.00000E+00 0.00000E+00 0.00000E+00 0.00000E+00 0.00000E+00 0.00000E+00 0.00000E+00 0.00000E+00 0.00000E+00 0.00000E+00 0.00000E+00 0.00000E+00 0.00000E+00 0.00000E+00 0.00000E+00 0.00000E+00 0.00000E+00 0.00000E+00 0.00000E+00 0.00000E+00 0.00000E+00 0.00000E+00 0.00000E+00 0.00000E+00 0.00000E+00 0.00000E+00 0.00000E+00 0.00000E+00 0.00000E+00 0.00000E+00 0.00000E+00 0.00000E+00 0.00000E+00 0.00000E+00 0.00000E+00 0.00000E+00 0.00000E+00 0.00000E+00 0.00000E+00 0.00000E+00 0.00000E+00 0.00000E+00 0.00000E+00 0.00000E+00 ];

MAT_fuelsalt_ADENS = [
0.00000E+00 5.38428E-17 1.07709E-16 2.59099E-15 7.77383E-15 1.81246E-14 3.61589E-14 5.38892E-14 7.13184E-14 8.84789E-14 1.05442E-13 1.22190E-13 1.38769E-13 1.55195E-13 1.71485E-13 1.87628E-13 2.03678E-13 2.19636E-13 2.35484E-13 2.51265E-13 2.66954E-13 2.82564E-13 2.98121E-13 3.13615E-13 3.29059E-13 3.44432E-13 3.59778E-13 3.75066E-13 4.41167E-13 5.06616E-13 5.71450E-13 6.35891E-13 7.00058E-13 7.63903E-13 8.27603E-13 8.91058E-13 9.54423E-13 1.01768E-12 1.08076E-12 1.14384E-12 1.20668E-12 1.26951E-12 1.33229E-12 1.39510E-12 1.45787E-12 1.52061E-12 1.58319E-12 1.64582E-12 1.70847E-12 1.77107E-12 1.83357E-12 1.89609E-12 1.95863E-12 2.02100E-12 2.08360E-12 2.14613E-12 2.20860E-12 2.27109E-12 2.33360E-12 2.39614E-12 2.45866E-12 2.52106E-12 2.58351E-12 2.64600E-12 2.70849E-12 2.77087E-12 2.83336E-12 2.89591E-12 2.95844E-12 3.02091E-12 3.08330E-12 3.14567E-12 % lost data
7.97438E-02 7.97438E-02 7.97438E-02 7.97438E-02 7.97439E-02 7.97441E-02 7.97443E-02 7.97446E-02 7.97448E-02 7.97451E-02 7.97453E-02 7.97456E-02 7.97458E-02 7.97461E-02 7.97463E-02 7.97466E-02 7.97468E-02 7.97471E-02 7.97473E-02 7.97476E-02 7.97478E-02 7.97480E-02 7.97483E-02 7.97485E-02 7.97488E-02 7.97490E-02 7.97492E-02 7.97495E-02 7.97505E-02 7.97515E-02 7.97524E-02 7.97533E-02 7.97542E-02 7.97551E-02 7.97560E-02 7.97568E-02 7.97576E-02 7.97584E-02 7.97591E-02 7.97599E-02 7.97606E-02 7.97613E-02 7.97619E-02 7.97626E-02 7.97632E-02 7.97638E-02 7.97644E-02 7.97650E-02 7.97655E-02 7.97661E-02 7.97666E-02 7.97671E-02 7.97676E-02 7.97681E-02 7.97686E-02 7.97690E-02 7.97695E-02 7.97699E-02 7.97703E-02 7.97707E-02 7.97711E-02 7.97715E-02 7.97718E-02 7.97722E-02 7.97725E-02 7.97728E-02 7.97732E-02 7.97735E-02 7.97738E-02 7.97741E-02 7.97744E-02 7.97746E-02 % total
];

MAT_fuelsalt_MDENS = [
0.00000E+00 0.00000E+00 0.00000E+00 0.00000E+00 0.00000E+00 0.00000E+00 0.00000E+00 0.00000E+00 0.00000E+00 0.00000E+00 0.00000E+00 0.00000E+00 0.00000E+00 0.00000E+00 0.00000E+00 0.00000E+00 0.00000E+00 0.00000E+00 0.00000E+00 0.00000E+00 0.00000E+00 0.00000E+00 0.00000E+00 0.00000E+00 0.00000E+00 0.00000E+00 0.00000E+00 0.00000E+00 0.00000E+00 0.00000E+00 0.00000E+00 0.00000E+00 0.00000E+00 0.00000E+00 0.00000E+00 0.00000E+00 0.00000E+00 0.00000E+00 0.00000E+00 0.00000E+00 0.00000E+00 0.00000E+00 0.00000E+00 0.00000E+00 0.00000E+00 0.00000E+00 0.00000E+00 0.00000E+00 0.00000E+00 0.00000E+00 0.00000E+00 0.00000E+00 0.00000E+00 0.00000E+00 0.00000E+00 0.00000E+00 0.00000E+00 0.00000E+00 0.00000E+00 0.00000E+00 0.00000E+00 0.00000E+00 0.00000E+00 0.00000E+00 0.00000E+00 0.00000E+00 0.00000E+00 0.00000E+00 0.00000E+00 0.00000E+00 0.00000E+00 0.00000E+00 % lost data
3.35931E+00 3.35931E+00 3.35931E+00 3.35930E+00 3.35927E+00 3.35921E+00 3.35910E+00 3.35899E+00 3.35889E+00 3.35878E+00 3.35867E+00 3.35857E+00 3.35846E+00 3.35836E+00 3.35825E+00 3.35815E+00 3.35805E+00 3.35795E+00 3.35785E+00 3.35775E+00 3.35765E+00 3.35756E+00 3.35746E+00 3.35736E+00 3.35727E+00 3.35717E+00 3.35708E+00 3.35699E+00 3.35659E+00 3.35620E+00 3.35583E+00 3.35547E+00 3.35512E+00 3.35478E+00 3.35446E+00 3.35414E+00 3.35383E+00 3.35354E+00 3.35325E+00 3.35297E+00 3.35270E+00 3.35244E+00 3.35219E+00 3.35194E+00 3.35170E+00 3.35147E+00 3.35125E+00 3.35103E+00 3.35082E+00 3.35062E+00 3.35042E+00 3.35023E+00 3.35004E+00 3.34986E+00 3.34969E+00 3.34952E+00 3.34936E+00 3.34920E+00 3.34904E+00 3.34889E+00 3.34875E+00 3.34861E+00 3.34847E+00 3.34834E+00 3.34821E+00 3.34809E+00 3.34796E+00 3.34785E+00 3.34773E+00 3.34762E+00 3.34752E+00 3.34741E+00 % total
];

MAT_fuelsalt_A = [
0.00000E+00 0.00000E+00 0.00000E+00 0.00000E+00 0.00000E+00 0.00000E+00 0.00000E+00 0.00000E+00 0.00000E+00 0.00000E+00 0.00000E+00 0.00000E+00 0.00000E+00 0.00000E+00 0.00000E+00 0.00000E+00 0.00000E+00 0.00000E+00 0.00000E+00 0.00000E+00 0.00000E+00 0.00000E+00 0.00000E+00 0.00000E+00 0.00000E+00 0.00000E+00 0.00000E+00 0.00000E+00 0.00000E+00 0.00000E+00 0.00000E+00 0.00000E+00 0.00000E+00 0.00000E+00 0.00000E+00 0.00000E+00 0.00000E+00 0.00000E+00 0.00000E+00 0.00000E+00 0.00000E+00 0.00000E+00 0.00000E+00 0.00000E+00 0.00000E+00 0.00000E+00 0.00000E+00 0.00000E+00 0.00000E+00 0.00000E+00 0.00000E+00 0.00000E+00 0.00000E+00 0.00000E+00 0.00000E+00 0.00000E+00 0.00000E+00 0.00000E+00 0.00000E+00 0.00000E+00 0.00000E+00 0.00000E+00 0.00000E+00 0.00000E+00 0.00000E+00 0.00000E+00 0.00000E+00 0.00000E+00 0.00000E+00 0.00000E+00 0.00000E+00 0.00000E+00 % lost data
1.15365E+12 6.24943E+19 7.05369E+19 9.13775E+19 1.00784E+20 1.08593E+20 1.13439E+20 1.14094E+20 1.14166E+20 1.14097E+20 1.13997E+20 1.13920E+20 1.13720E+20 1.13604E+20 1.13442E+20 1.13303E+20 1.13169E+20 1.13066E+20 1.12927E+20 1.12821E+20 1.12688E+20 1.12558E+20 1.12487E+20 1.12417E+20 1.12305E+20 1.12233E+20 1.12120E+20 1.12068E+20 1.15792E+20 1.15117E+20 1.14470E+20 1.13925E+20 1.13468E+20 1.13029E+20 1.12682E+20 1.12321E+20 1.12021E+20 1.11815E+20 1.11436E+20 1.11224E+20 1.11031E+20 1.10796E+20 1.10616E+20 1.10440E+20 1.10292E+20 1.10158E+20 1.09983E+20 1.09829E+20 1.09710E+20 1.09593E+20 1.09472E+20 1.09358E+20 1.09306E+20 1.09140E+20 1.09049E+20 1.09005E+20 1.08881E+20 1.08801E+20 1.08716E+20 1.08696E+20 1.08600E+20 1.08543E+20 1.08495E+20 1.08405E+20 1.08324E+20 1.08354E+20 1.08228E+20 1.08200E+20 1.08146E+20 1.08099E+20 1.08028E+20 1.08045E+20 % total
];

