
ZAI = [
666
0
];

NAMES = [
'lost            '
'total           '
];

iLOST    = 1;
iTOT     = 2;

MAT_fuelsalt_VOLUME = [ 1.36700E+07 1.36700E+07 1.36700E+07 1.36700E+07 1.36700E+07 1.36700E+07 1.36700E+07 1.36700E+07 1.36700E+07 1.36700E+07 1.36700E+07 1.36700E+07 1.36700E+07 1.36700E+07 1.36700E+07 1.36700E+07 1.36700E+07 1.36700E+07 1.36700E+07 1.36700E+07 1.36700E+07 1.36700E+07 1.36700E+07 1.36700E+07 1.36700E+07 1.36700E+07 1.36700E+07 1.36700E+07 1.36700E+07 1.36700E+07 1.36700E+07 1.36700E+07 1.36700E+07 1.36700E+07 1.36700E+07 1.36700E+07 1.36700E+07 1.36700E+07 1.36700E+07 1.36700E+07 1.36700E+07 1.36700E+07 1.36700E+07 1.36700E+07 1.36700E+07 1.36700E+07 1.36700E+07 1.36700E+07 1.36700E+07 1.36700E+07 1.36700E+07 1.36700E+07 1.36700E+07 1.36700E+07 1.36700E+07 1.36700E+07 1.36700E+07 1.36700E+07 1.36700E+07 1.36700E+07 1.36700E+07 1.36700E+07 1.36700E+07 1.36700E+07 1.36700E+07 1.36700E+07 1.36700E+07 1.36700E+07 1.36700E+07 1.36700E+07 1.36700E+07 1.36700E+07 ];

MAT_fuelsalt_BURNUP = [ 0.00000E+00 0.00000E+00 0.00000E+00 0.00000E+00 0.00000E+00 0.00000E+00 0.00000E+00 0.00000E+00 0.00000E+00 0.00000E+00 0.00000E+00 0.00000E+00 0.00000E+00 0.00000E+00 0.00000E+00 0.00000E+00 0.00000E+00 0.00000E+00 0.00000E+00 0.00000E+00 0.00000E+00 0.00000E+00 0.00000E+00 0.00000E+00 0.00000E+00 0.00000E+00 0.00000E+00 0.00000E+00 0.00000E+00 0.00000E+00 0.00000E+00 0.00000E+00 0.00000E+00 0.00000E+00 0.00000E+00 0.00000E+00 0.00000E+00 0.00000E+00 0.00000E+00 0.00000E+00 0.00000E+00 0.00000E+00 0.00000E+00 0.00000E+00 0.00000E+00 0.00000E+00 0.00000E+00 0.00000E+00 0.00000E+00 0.00000E+00 0.00000E+00 0.00000E+00 0.00000E+00 0.00000E+00 0.00000E+00 0.00000E+00 0.00000E+00 0.00000E+00 0.00000E+00 0.00000E+00 0.00000E+00 0.00000E+00 0.00000E+00 0.00000E+00 0.00000E+00 0.00000E+00 0.00000E+00 0.00000E+00 0.00000E+00 0.00000E+00 0.00000E+00 0.00000E+00 ];

MAT_fuelsalt_ADENS = [
0.00000E+00 5.58203E-17 1.10795E-16 4.70497E-15 9.87645E-15 1.92352E-14 3.55368E-14 5.18352E-14 6.81224E-14 8.44183E-14 1.00701E-13 1.16993E-13 1.33297E-13 1.49595E-13 1.65885E-13 1.82202E-13 1.98488E-13 2.14788E-13 2.31084E-13 2.47382E-13 2.63672E-13 2.79962E-13 2.96260E-13 3.12557E-13 3.28848E-13 3.45129E-13 3.61418E-13 3.77710E-13 4.47556E-13 5.17389E-13 5.87183E-13 6.57001E-13 7.26799E-13 7.96605E-13 8.66435E-13 9.36299E-13 1.00610E-12 1.07602E-12 1.14584E-12 1.21570E-12 1.28547E-12 1.35530E-12 1.42516E-12 1.49496E-12 1.56479E-12 1.63458E-12 1.70437E-12 1.77421E-12 1.84405E-12 1.91388E-12 1.98370E-12 2.05357E-12 2.12339E-12 2.19323E-12 2.26312E-12 2.33292E-12 2.40272E-12 2.47255E-12 2.54235E-12 2.61217E-12 2.68198E-12 2.75184E-12 2.82169E-12 2.89155E-12 2.96142E-12 3.03124E-12 3.10105E-12 3.17090E-12 3.24073E-12 3.31053E-12 3.38039E-12 3.45013E-12 % lost data
7.97438E-02 7.97438E-02 7.97438E-02 7.97438E-02 7.97438E-02 7.97438E-02 7.97438E-02 7.97438E-02 7.97438E-02 7.97438E-02 7.97438E-02 7.97438E-02 7.97438E-02 7.97438E-02 7.97438E-02 7.97438E-02 7.97438E-02 7.97438E-02 7.97438E-02 7.97438E-02 7.97438E-02 7.97438E-02 7.97438E-02 7.97438E-02 7.97438E-02 7.97438E-02 7.97438E-02 7.97438E-02 7.97438E-02 7.97438E-02 7.97438E-02 7.97438E-02 7.97438E-02 7.97438E-02 7.97438E-02 7.97438E-02 7.97438E-02 7.97438E-02 7.97438E-02 7.97438E-02 7.97438E-02 7.97438E-02 7.97438E-02 7.97438E-02 7.97438E-02 7.97438E-02 7.97438E-02 7.97438E-02 7.97438E-02 7.97438E-02 7.97438E-02 7.97438E-02 7.97438E-02 7.97438E-02 7.97438E-02 7.97438E-02 7.97438E-02 7.97438E-02 7.97438E-02 7.97438E-02 7.97438E-02 7.97438E-02 7.97438E-02 7.97438E-02 7.97438E-02 7.97438E-02 7.97438E-02 7.97438E-02 7.97438E-02 7.97438E-02 7.97438E-02 7.97438E-02 % total
];

MAT_fuelsalt_MDENS = [
0.00000E+00 0.00000E+00 0.00000E+00 0.00000E+00 0.00000E+00 0.00000E+00 0.00000E+00 0.00000E+00 0.00000E+00 0.00000E+00 0.00000E+00 0.00000E+00 0.00000E+00 0.00000E+00 0.00000E+00 0.00000E+00 0.00000E+00 0.00000E+00 0.00000E+00 0.00000E+00 0.00000E+00 0.00000E+00 0.00000E+00 0.00000E+00 0.00000E+00 0.00000E+00 0.00000E+00 0.00000E+00 0.00000E+00 0.00000E+00 0.00000E+00 0.00000E+00 0.00000E+00 0.00000E+00 0.00000E+00 0.00000E+00 0.00000E+00 0.00000E+00 0.00000E+00 0.00000E+00 0.00000E+00 0.00000E+00 0.00000E+00 0.00000E+00 0.00000E+00 0.00000E+00 0.00000E+00 0.00000E+00 0.00000E+00 0.00000E+00 0.00000E+00 0.00000E+00 0.00000E+00 0.00000E+00 0.00000E+00 0.00000E+00 0.00000E+00 0.00000E+00 0.00000E+00 0.00000E+00 0.00000E+00 0.00000E+00 0.00000E+00 0.00000E+00 0.00000E+00 0.00000E+00 0.00000E+00 0.00000E+00 0.00000E+00 0.00000E+00 0.00000E+00 0.00000E+00 % lost data
3.35931E+00 3.35926E+00 3.35922E+00 3.35811E+00 3.35780E+00 3.35778E+00 3.35778E+00 3.35778E+00 3.35778E+00 3.35778E+00 3.35778E+00 3.35778E+00 3.35778E+00 3.35778E+00 3.35778E+00 3.35778E+00 3.35778E+00 3.35778E+00 3.35778E+00 3.35778E+00 3.35778E+00 3.35778E+00 3.35778E+00 3.35778E+00 3.35778E+00 3.35778E+00 3.35778E+00 3.35778E+00 3.35778E+00 3.35778E+00 3.35778E+00 3.35778E+00 3.35778E+00 3.35778E+00 3.35778E+00 3.35778E+00 3.35778E+00 3.35778E+00 3.35778E+00 3.35778E+00 3.35778E+00 3.35778E+00 3.35778E+00 3.35778E+00 3.35778E+00 3.35778E+00 3.35778E+00 3.35778E+00 3.35778E+00 3.35778E+00 3.35778E+00 3.35778E+00 3.35778E+00 3.35778E+00 3.35778E+00 3.35778E+00 3.35778E+00 3.35778E+00 3.35778E+00 3.35778E+00 3.35778E+00 3.35778E+00 3.35778E+00 3.35778E+00 3.35778E+00 3.35778E+00 3.35778E+00 3.35778E+00 3.35778E+00 3.35778E+00 3.35778E+00 3.35778E+00 % total
];

MAT_fuelsalt_A = [
0.00000E+00 0.00000E+00 0.00000E+00 0.00000E+00 0.00000E+00 0.00000E+00 0.00000E+00 0.00000E+00 0.00000E+00 0.00000E+00 0.00000E+00 0.00000E+00 0.00000E+00 0.00000E+00 0.00000E+00 0.00000E+00 0.00000E+00 0.00000E+00 0.00000E+00 0.00000E+00 0.00000E+00 0.00000E+00 0.00000E+00 0.00000E+00 0.00000E+00 0.00000E+00 0.00000E+00 0.00000E+00 0.00000E+00 0.00000E+00 0.00000E+00 0.00000E+00 0.00000E+00 0.00000E+00 0.00000E+00 0.00000E+00 0.00000E+00 0.00000E+00 0.00000E+00 0.00000E+00 0.00000E+00 0.00000E+00 0.00000E+00 0.00000E+00 0.00000E+00 0.00000E+00 0.00000E+00 0.00000E+00 0.00000E+00 0.00000E+00 0.00000E+00 0.00000E+00 0.00000E+00 0.00000E+00 0.00000E+00 0.00000E+00 0.00000E+00 0.00000E+00 0.00000E+00 0.00000E+00 0.00000E+00 0.00000E+00 0.00000E+00 0.00000E+00 0.00000E+00 0.00000E+00 0.00000E+00 0.00000E+00 0.00000E+00 0.00000E+00 0.00000E+00 0.00000E+00 % lost data
1.16037E+12 6.74348E+19 7.41156E+19 2.21312E+20 8.98198E+19 7.68405E+19 7.62602E+19 7.62468E+19 7.62578E+19 7.62527E+19 7.62418E+19 7.62738E+19 7.62605E+19 7.62416E+19 7.62576E+19 7.62524E+19 7.62352E+19 7.62491E+19 7.62386E+19 7.62471E+19 7.62596E+19 7.62519E+19 7.62530E+19 7.62559E+19 7.62636E+19 7.62641E+19 7.62682E+19 7.62479E+19 7.62733E+19 7.62493E+19 7.62585E+19 7.62650E+19 7.62439E+19 7.62481E+19 7.62657E+19 7.62395E+19 7.62605E+19 7.62397E+19 7.62665E+19 7.62428E+19 7.62331E+19 7.62561E+19 7.62537E+19 7.62570E+19 7.62318E+19 7.62577E+19 7.62494E+19 7.62423E+19 7.62506E+19 7.62583E+19 7.62482E+19 7.62585E+19 7.62641E+19 7.62606E+19 7.62527E+19 7.62556E+19 7.62420E+19 7.62640E+19 7.62496E+19 7.62460E+19 7.62480E+19 7.62405E+19 7.62587E+19 7.62575E+19 7.62667E+19 7.62704E+19 7.62516E+19 7.62578E+19 7.62532E+19 7.62593E+19 7.62505E+19 7.62540E+19 % total
];

