
ZAI = [
666
0
];

NAMES = [
'lost            '
'total           '
];

iLOST    = 1;
iTOT     = 2;

MAT_fuelsalt_VOLUME = [ 1.36700E+07 1.36700E+07 1.36700E+07 1.36700E+07 1.36700E+07 1.36700E+07 1.36700E+07 1.36700E+07 1.36700E+07 1.36700E+07 1.36700E+07 1.36700E+07 1.36700E+07 1.36700E+07 1.36700E+07 1.36700E+07 1.36700E+07 1.36700E+07 1.36700E+07 1.36700E+07 1.36700E+07 1.36700E+07 1.36700E+07 1.36700E+07 1.36700E+07 1.36700E+07 1.36700E+07 1.36700E+07 1.36700E+07 1.36700E+07 1.36700E+07 1.36700E+07 1.36700E+07 1.36700E+07 1.36700E+07 1.36700E+07 1.36700E+07 1.36700E+07 1.36700E+07 1.36700E+07 1.36700E+07 1.36700E+07 1.36700E+07 1.36700E+07 1.36700E+07 1.36700E+07 1.36700E+07 1.36700E+07 1.36700E+07 1.36700E+07 1.36700E+07 1.36700E+07 1.36700E+07 1.36700E+07 1.36700E+07 1.36700E+07 1.36700E+07 1.36700E+07 1.36700E+07 1.36700E+07 1.36700E+07 1.36700E+07 1.36700E+07 1.36700E+07 1.36700E+07 1.36700E+07 1.36700E+07 1.36700E+07 1.36700E+07 1.36700E+07 1.36700E+07 1.36700E+07 ];

MAT_fuelsalt_BURNUP = [ 0.00000E+00 0.00000E+00 0.00000E+00 0.00000E+00 0.00000E+00 0.00000E+00 0.00000E+00 0.00000E+00 0.00000E+00 0.00000E+00 0.00000E+00 0.00000E+00 0.00000E+00 0.00000E+00 0.00000E+00 0.00000E+00 0.00000E+00 0.00000E+00 0.00000E+00 0.00000E+00 0.00000E+00 0.00000E+00 0.00000E+00 0.00000E+00 0.00000E+00 0.00000E+00 0.00000E+00 0.00000E+00 0.00000E+00 0.00000E+00 0.00000E+00 0.00000E+00 0.00000E+00 0.00000E+00 0.00000E+00 0.00000E+00 0.00000E+00 0.00000E+00 0.00000E+00 0.00000E+00 0.00000E+00 0.00000E+00 0.00000E+00 0.00000E+00 0.00000E+00 0.00000E+00 0.00000E+00 0.00000E+00 0.00000E+00 0.00000E+00 0.00000E+00 0.00000E+00 0.00000E+00 0.00000E+00 0.00000E+00 0.00000E+00 0.00000E+00 0.00000E+00 0.00000E+00 0.00000E+00 0.00000E+00 0.00000E+00 0.00000E+00 0.00000E+00 0.00000E+00 0.00000E+00 0.00000E+00 0.00000E+00 0.00000E+00 0.00000E+00 0.00000E+00 0.00000E+00 ];

MAT_fuelsalt_ADENS = [
0.00000E+00 4.98155E-17 9.96723E-17 2.39528E-15 7.18402E-15 1.67670E-14 3.35266E-14 5.02105E-14 6.68334E-14 8.33976E-14 9.98900E-14 1.16280E-13 1.32596E-13 1.48839E-13 1.65001E-13 1.81101E-13 1.97149E-13 2.13108E-13 2.28978E-13 2.44773E-13 2.60497E-13 2.76165E-13 2.91766E-13 3.07312E-13 3.22799E-13 3.38212E-13 3.53571E-13 3.68865E-13 4.34172E-13 4.98532E-13 5.62065E-13 6.24794E-13 6.86971E-13 7.48452E-13 8.09440E-13 8.69926E-13 9.29856E-13 9.89456E-13 1.04862E-12 1.10745E-12 1.16595E-12 1.22424E-12 1.28224E-12 1.33991E-12 1.39734E-12 1.45466E-12 1.51167E-12 1.56845E-12 1.62514E-12 1.68155E-12 1.73789E-12 1.79407E-12 1.85012E-12 1.90609E-12 1.96187E-12 2.01767E-12 2.07330E-12 2.12883E-12 2.18416E-12 2.23952E-12 2.29478E-12 2.34987E-12 2.40503E-12 2.46006E-12 2.51509E-12 2.57000E-12 2.62483E-12 2.67961E-12 2.73445E-12 2.78934E-12 2.84405E-12 2.89879E-12 % lost data
6.48302E-02 6.48302E-02 6.48302E-02 6.48303E-02 6.48305E-02 6.48309E-02 6.48316E-02 6.48323E-02 6.48330E-02 6.48336E-02 6.48343E-02 6.48350E-02 6.48356E-02 6.48363E-02 6.48369E-02 6.48376E-02 6.48383E-02 6.48389E-02 6.48396E-02 6.48402E-02 6.48408E-02 6.48415E-02 6.48421E-02 6.48427E-02 6.48434E-02 6.48440E-02 6.48446E-02 6.48453E-02 6.48479E-02 6.48506E-02 6.48531E-02 6.48557E-02 6.48582E-02 6.48606E-02 6.48631E-02 6.48654E-02 6.48678E-02 6.48701E-02 6.48724E-02 6.48746E-02 6.48768E-02 6.48790E-02 6.48811E-02 6.48832E-02 6.48852E-02 6.48873E-02 6.48893E-02 6.48912E-02 6.48931E-02 6.48950E-02 6.48969E-02 6.48987E-02 6.49006E-02 6.49023E-02 6.49041E-02 6.49058E-02 6.49075E-02 6.49092E-02 6.49108E-02 6.49124E-02 6.49140E-02 6.49156E-02 6.49171E-02 6.49186E-02 6.49201E-02 6.49216E-02 6.49230E-02 6.49245E-02 6.49259E-02 6.49272E-02 6.49286E-02 6.49299E-02 % total
];

MAT_fuelsalt_MDENS = [
0.00000E+00 0.00000E+00 0.00000E+00 0.00000E+00 0.00000E+00 0.00000E+00 0.00000E+00 0.00000E+00 0.00000E+00 0.00000E+00 0.00000E+00 0.00000E+00 0.00000E+00 0.00000E+00 0.00000E+00 0.00000E+00 0.00000E+00 0.00000E+00 0.00000E+00 0.00000E+00 0.00000E+00 0.00000E+00 0.00000E+00 0.00000E+00 0.00000E+00 0.00000E+00 0.00000E+00 0.00000E+00 0.00000E+00 0.00000E+00 0.00000E+00 0.00000E+00 0.00000E+00 0.00000E+00 0.00000E+00 0.00000E+00 0.00000E+00 0.00000E+00 0.00000E+00 0.00000E+00 0.00000E+00 0.00000E+00 0.00000E+00 0.00000E+00 0.00000E+00 0.00000E+00 0.00000E+00 0.00000E+00 0.00000E+00 0.00000E+00 0.00000E+00 0.00000E+00 0.00000E+00 0.00000E+00 0.00000E+00 0.00000E+00 0.00000E+00 0.00000E+00 0.00000E+00 0.00000E+00 0.00000E+00 0.00000E+00 0.00000E+00 0.00000E+00 0.00000E+00 0.00000E+00 0.00000E+00 0.00000E+00 0.00000E+00 0.00000E+00 0.00000E+00 0.00000E+00 % lost data
3.24053E+00 3.24053E+00 3.24053E+00 3.24052E+00 3.24051E+00 3.24049E+00 3.24044E+00 3.24040E+00 3.24035E+00 3.24030E+00 3.24026E+00 3.24021E+00 3.24016E+00 3.24012E+00 3.24007E+00 3.24002E+00 3.23998E+00 3.23993E+00 3.23989E+00 3.23984E+00 3.23980E+00 3.23975E+00 3.23971E+00 3.23966E+00 3.23962E+00 3.23958E+00 3.23953E+00 3.23949E+00 3.23930E+00 3.23912E+00 3.23894E+00 3.23876E+00 3.23859E+00 3.23842E+00 3.23825E+00 3.23808E+00 3.23792E+00 3.23776E+00 3.23761E+00 3.23745E+00 3.23730E+00 3.23715E+00 3.23701E+00 3.23687E+00 3.23672E+00 3.23659E+00 3.23645E+00 3.23632E+00 3.23619E+00 3.23606E+00 3.23593E+00 3.23581E+00 3.23568E+00 3.23556E+00 3.23545E+00 3.23533E+00 3.23522E+00 3.23510E+00 3.23499E+00 3.23488E+00 3.23478E+00 3.23467E+00 3.23457E+00 3.23447E+00 3.23437E+00 3.23427E+00 3.23418E+00 3.23408E+00 3.23399E+00 3.23390E+00 3.23381E+00 3.23372E+00 % total
];

MAT_fuelsalt_A = [
0.00000E+00 0.00000E+00 0.00000E+00 0.00000E+00 0.00000E+00 0.00000E+00 0.00000E+00 0.00000E+00 0.00000E+00 0.00000E+00 0.00000E+00 0.00000E+00 0.00000E+00 0.00000E+00 0.00000E+00 0.00000E+00 0.00000E+00 0.00000E+00 0.00000E+00 0.00000E+00 0.00000E+00 0.00000E+00 0.00000E+00 0.00000E+00 0.00000E+00 0.00000E+00 0.00000E+00 0.00000E+00 0.00000E+00 0.00000E+00 0.00000E+00 0.00000E+00 0.00000E+00 0.00000E+00 0.00000E+00 0.00000E+00 0.00000E+00 0.00000E+00 0.00000E+00 0.00000E+00 0.00000E+00 0.00000E+00 0.00000E+00 0.00000E+00 0.00000E+00 0.00000E+00 0.00000E+00 0.00000E+00 0.00000E+00 0.00000E+00 0.00000E+00 0.00000E+00 0.00000E+00 0.00000E+00 0.00000E+00 0.00000E+00 0.00000E+00 0.00000E+00 0.00000E+00 0.00000E+00 0.00000E+00 0.00000E+00 0.00000E+00 0.00000E+00 0.00000E+00 0.00000E+00 0.00000E+00 0.00000E+00 0.00000E+00 0.00000E+00 0.00000E+00 0.00000E+00 % lost data
1.53373E+12 6.35556E+19 7.12890E+19 9.07811E+19 9.74259E+19 1.02349E+20 1.06373E+20 1.08696E+20 1.10417E+20 1.11789E+20 1.12835E+20 1.13679E+20 1.14389E+20 1.14942E+20 1.15408E+20 1.15799E+20 1.16126E+20 1.16330E+20 1.16511E+20 1.16664E+20 1.16841E+20 1.16919E+20 1.16990E+20 1.17027E+20 1.17091E+20 1.17085E+20 1.17136E+20 1.17094E+20 1.18460E+20 1.18276E+20 1.18018E+20 1.17793E+20 1.17559E+20 1.17309E+20 1.17079E+20 1.16905E+20 1.16683E+20 1.16529E+20 1.16412E+20 1.16182E+20 1.16043E+20 1.15871E+20 1.15724E+20 1.15647E+20 1.15523E+20 1.15358E+20 1.15278E+20 1.15156E+20 1.15104E+20 1.14993E+20 1.14867E+20 1.14821E+20 1.14718E+20 1.14641E+20 1.14560E+20 1.14489E+20 1.14412E+20 1.14343E+20 1.14320E+20 1.14258E+20 1.14187E+20 1.14095E+20 1.14068E+20 1.13977E+20 1.13994E+20 1.13918E+20 1.13855E+20 1.13830E+20 1.13816E+20 1.13722E+20 1.13688E+20 1.13711E+20 % total
];

