
ZAI = [
666
0
];

NAMES = [
'lost            '
'total           '
];

iLOST    = 1;
iTOT     = 2;

MAT_fuelsalt_VOLUME = [ 1.36700E+07 1.36700E+07 1.36700E+07 1.36700E+07 1.36700E+07 1.36700E+07 1.36700E+07 1.36700E+07 1.36700E+07 1.36700E+07 1.36700E+07 1.36700E+07 1.36700E+07 1.36700E+07 1.36700E+07 1.36700E+07 1.36700E+07 1.36700E+07 1.36700E+07 1.36700E+07 1.36700E+07 1.36700E+07 1.36700E+07 1.36700E+07 1.36700E+07 1.36700E+07 1.36700E+07 1.36700E+07 1.36700E+07 1.36700E+07 1.36700E+07 1.36700E+07 1.36700E+07 1.36700E+07 1.36700E+07 1.36700E+07 1.36700E+07 1.36700E+07 1.36700E+07 1.36700E+07 1.36700E+07 1.36700E+07 1.36700E+07 1.36700E+07 1.36700E+07 1.36700E+07 1.36700E+07 1.36700E+07 1.36700E+07 1.36700E+07 1.36700E+07 1.36700E+07 1.36700E+07 1.36700E+07 1.36700E+07 1.36700E+07 1.36700E+07 1.36700E+07 1.36700E+07 1.36700E+07 1.36700E+07 1.36700E+07 1.36700E+07 1.36700E+07 1.36700E+07 1.36700E+07 1.36700E+07 1.36700E+07 1.36700E+07 1.36700E+07 1.36700E+07 1.36700E+07 ];

MAT_fuelsalt_BURNUP = [ 0.00000E+00 0.00000E+00 0.00000E+00 0.00000E+00 0.00000E+00 0.00000E+00 0.00000E+00 0.00000E+00 0.00000E+00 0.00000E+00 0.00000E+00 0.00000E+00 0.00000E+00 0.00000E+00 0.00000E+00 0.00000E+00 0.00000E+00 0.00000E+00 0.00000E+00 0.00000E+00 0.00000E+00 0.00000E+00 0.00000E+00 0.00000E+00 0.00000E+00 0.00000E+00 0.00000E+00 0.00000E+00 0.00000E+00 0.00000E+00 0.00000E+00 0.00000E+00 0.00000E+00 0.00000E+00 0.00000E+00 0.00000E+00 0.00000E+00 0.00000E+00 0.00000E+00 0.00000E+00 0.00000E+00 0.00000E+00 0.00000E+00 0.00000E+00 0.00000E+00 0.00000E+00 0.00000E+00 0.00000E+00 0.00000E+00 0.00000E+00 0.00000E+00 0.00000E+00 0.00000E+00 0.00000E+00 0.00000E+00 0.00000E+00 0.00000E+00 0.00000E+00 0.00000E+00 0.00000E+00 0.00000E+00 0.00000E+00 0.00000E+00 0.00000E+00 0.00000E+00 0.00000E+00 0.00000E+00 0.00000E+00 0.00000E+00 0.00000E+00 0.00000E+00 0.00000E+00 ];

MAT_fuelsalt_ADENS = [
0.00000E+00 5.37887E-17 1.07575E-16 2.58863E-15 7.77320E-15 1.81335E-14 3.61401E-14 5.38503E-14 7.12756E-14 8.84575E-14 1.05419E-13 1.22197E-13 1.38802E-13 1.55265E-13 1.71588E-13 1.87792E-13 2.03915E-13 2.19923E-13 2.35845E-13 2.51680E-13 2.67447E-13 2.83131E-13 2.98759E-13 3.14327E-13 3.29851E-13 3.45307E-13 3.60751E-13 3.76133E-13 4.42846E-13 5.08921E-13 5.74463E-13 6.39605E-13 7.04448E-13 7.69057E-13 8.33390E-13 8.97636E-13 9.61746E-13 1.02574E-12 1.08955E-12 1.15328E-12 1.21692E-12 1.28047E-12 1.34400E-12 1.40751E-12 1.47097E-12 1.53438E-12 1.59776E-12 1.66122E-12 1.72453E-12 1.78782E-12 1.85115E-12 1.91434E-12 1.97757E-12 2.04085E-12 2.10409E-12 2.16730E-12 2.23050E-12 2.29374E-12 2.35691E-12 2.42008E-12 2.48324E-12 2.54650E-12 2.60963E-12 2.67275E-12 2.73595E-12 2.79908E-12 2.86219E-12 2.92529E-12 2.98848E-12 3.05158E-12 3.11473E-12 3.17793E-12 % lost data
7.97438E-02 7.97438E-02 7.97438E-02 7.97438E-02 7.97439E-02 7.97441E-02 7.97443E-02 7.97446E-02 7.97448E-02 7.97451E-02 7.97453E-02 7.97456E-02 7.97458E-02 7.97461E-02 7.97463E-02 7.97466E-02 7.97468E-02 7.97471E-02 7.97473E-02 7.97475E-02 7.97478E-02 7.97480E-02 7.97482E-02 7.97485E-02 7.97487E-02 7.97489E-02 7.97491E-02 7.97494E-02 7.97503E-02 7.97513E-02 7.97522E-02 7.97530E-02 7.97539E-02 7.97547E-02 7.97554E-02 7.97562E-02 7.97569E-02 7.97576E-02 7.97583E-02 7.97589E-02 7.97595E-02 7.97601E-02 7.97607E-02 7.97612E-02 7.97617E-02 7.97623E-02 7.97627E-02 7.97632E-02 7.97637E-02 7.97641E-02 7.97645E-02 7.97649E-02 7.97653E-02 7.97657E-02 7.97660E-02 7.97664E-02 7.97667E-02 7.97670E-02 7.97673E-02 7.97676E-02 7.97679E-02 7.97682E-02 7.97685E-02 7.97687E-02 7.97689E-02 7.97692E-02 7.97694E-02 7.97696E-02 7.97698E-02 7.97700E-02 7.97702E-02 7.97704E-02 % total
];

MAT_fuelsalt_MDENS = [
0.00000E+00 0.00000E+00 0.00000E+00 0.00000E+00 0.00000E+00 0.00000E+00 0.00000E+00 0.00000E+00 0.00000E+00 0.00000E+00 0.00000E+00 0.00000E+00 0.00000E+00 0.00000E+00 0.00000E+00 0.00000E+00 0.00000E+00 0.00000E+00 0.00000E+00 0.00000E+00 0.00000E+00 0.00000E+00 0.00000E+00 0.00000E+00 0.00000E+00 0.00000E+00 0.00000E+00 0.00000E+00 0.00000E+00 0.00000E+00 0.00000E+00 0.00000E+00 0.00000E+00 0.00000E+00 0.00000E+00 0.00000E+00 0.00000E+00 0.00000E+00 0.00000E+00 0.00000E+00 0.00000E+00 0.00000E+00 0.00000E+00 0.00000E+00 0.00000E+00 0.00000E+00 0.00000E+00 0.00000E+00 0.00000E+00 0.00000E+00 0.00000E+00 0.00000E+00 0.00000E+00 0.00000E+00 0.00000E+00 0.00000E+00 0.00000E+00 0.00000E+00 0.00000E+00 0.00000E+00 0.00000E+00 0.00000E+00 0.00000E+00 0.00000E+00 0.00000E+00 0.00000E+00 0.00000E+00 0.00000E+00 0.00000E+00 0.00000E+00 0.00000E+00 0.00000E+00 % lost data
3.35931E+00 3.35931E+00 3.35931E+00 3.35930E+00 3.35927E+00 3.35921E+00 3.35910E+00 3.35898E+00 3.35887E+00 3.35876E+00 3.35865E+00 3.35855E+00 3.35844E+00 3.35834E+00 3.35823E+00 3.35813E+00 3.35803E+00 3.35793E+00 3.35783E+00 3.35773E+00 3.35763E+00 3.35753E+00 3.35744E+00 3.35734E+00 3.35725E+00 3.35715E+00 3.35706E+00 3.35697E+00 3.35658E+00 3.35620E+00 3.35584E+00 3.35549E+00 3.35516E+00 3.35484E+00 3.35454E+00 3.35424E+00 3.35396E+00 3.35369E+00 3.35343E+00 3.35318E+00 3.35294E+00 3.35271E+00 3.35248E+00 3.35227E+00 3.35207E+00 3.35187E+00 3.35168E+00 3.35150E+00 3.35132E+00 3.35115E+00 3.35099E+00 3.35083E+00 3.35068E+00 3.35054E+00 3.35040E+00 3.35027E+00 3.35014E+00 3.35001E+00 3.34990E+00 3.34978E+00 3.34967E+00 3.34956E+00 3.34946E+00 3.34937E+00 3.34927E+00 3.34918E+00 3.34909E+00 3.34901E+00 3.34893E+00 3.34885E+00 3.34878E+00 3.34870E+00 % total
];

MAT_fuelsalt_A = [
0.00000E+00 0.00000E+00 0.00000E+00 0.00000E+00 0.00000E+00 0.00000E+00 0.00000E+00 0.00000E+00 0.00000E+00 0.00000E+00 0.00000E+00 0.00000E+00 0.00000E+00 0.00000E+00 0.00000E+00 0.00000E+00 0.00000E+00 0.00000E+00 0.00000E+00 0.00000E+00 0.00000E+00 0.00000E+00 0.00000E+00 0.00000E+00 0.00000E+00 0.00000E+00 0.00000E+00 0.00000E+00 0.00000E+00 0.00000E+00 0.00000E+00 0.00000E+00 0.00000E+00 0.00000E+00 0.00000E+00 0.00000E+00 0.00000E+00 0.00000E+00 0.00000E+00 0.00000E+00 0.00000E+00 0.00000E+00 0.00000E+00 0.00000E+00 0.00000E+00 0.00000E+00 0.00000E+00 0.00000E+00 0.00000E+00 0.00000E+00 0.00000E+00 0.00000E+00 0.00000E+00 0.00000E+00 0.00000E+00 0.00000E+00 0.00000E+00 0.00000E+00 0.00000E+00 0.00000E+00 0.00000E+00 0.00000E+00 0.00000E+00 0.00000E+00 0.00000E+00 0.00000E+00 0.00000E+00 0.00000E+00 0.00000E+00 0.00000E+00 0.00000E+00 0.00000E+00 % lost data
1.16037E+12 6.24644E+19 7.04874E+19 9.13638E+19 1.00826E+20 1.08675E+20 1.13556E+20 1.14083E+20 1.14070E+20 1.13970E+20 1.13836E+20 1.13613E+20 1.13418E+20 1.13207E+20 1.13060E+20 1.12855E+20 1.12708E+20 1.12536E+20 1.12403E+20 1.12191E+20 1.12066E+20 1.11969E+20 1.11849E+20 1.11744E+20 1.11615E+20 1.11492E+20 1.11350E+20 1.11310E+20 1.15301E+20 1.14442E+20 1.13727E+20 1.13115E+20 1.12634E+20 1.12089E+20 1.11692E+20 1.11310E+20 1.10949E+20 1.10618E+20 1.10395E+20 1.10108E+20 1.09867E+20 1.09609E+20 1.09430E+20 1.09273E+20 1.09105E+20 1.08907E+20 1.08758E+20 1.08629E+20 1.08462E+20 1.08375E+20 1.08277E+20 1.08116E+20 1.08057E+20 1.07956E+20 1.07824E+20 1.07755E+20 1.07692E+20 1.07603E+20 1.07521E+20 1.07409E+20 1.07395E+20 1.07340E+20 1.07238E+20 1.07200E+20 1.07151E+20 1.07101E+20 1.07032E+20 1.07037E+20 1.06922E+20 1.06902E+20 1.06840E+20 1.06826E+20 % total
];

