
ZAI = [
666
0
];

NAMES = [
'lost            '
'total           '
];

iLOST    = 1;
iTOT     = 2;

MAT_fuelsalt_VOLUME = [ 1.36700E+07 1.36700E+07 1.36700E+07 1.36700E+07 1.36700E+07 1.36700E+07 1.36700E+07 1.36700E+07 1.36700E+07 1.36700E+07 1.36700E+07 1.36700E+07 1.36700E+07 1.36700E+07 1.36700E+07 1.36700E+07 1.36700E+07 1.36700E+07 1.36700E+07 1.36700E+07 1.36700E+07 1.36700E+07 1.36700E+07 1.36700E+07 1.36700E+07 1.36700E+07 1.36700E+07 1.36700E+07 1.36700E+07 1.36700E+07 1.36700E+07 1.36700E+07 1.36700E+07 1.36700E+07 1.36700E+07 1.36700E+07 1.36700E+07 1.36700E+07 1.36700E+07 1.36700E+07 1.36700E+07 1.36700E+07 1.36700E+07 1.36700E+07 1.36700E+07 1.36700E+07 1.36700E+07 1.36700E+07 1.36700E+07 1.36700E+07 1.36700E+07 1.36700E+07 1.36700E+07 1.36700E+07 1.36700E+07 1.36700E+07 1.36700E+07 1.36700E+07 1.36700E+07 1.36700E+07 1.36700E+07 1.36700E+07 1.36700E+07 1.36700E+07 1.36700E+07 1.36700E+07 1.36700E+07 1.36700E+07 1.36700E+07 1.36700E+07 1.36700E+07 1.36700E+07 ];

MAT_fuelsalt_BURNUP = [ 0.00000E+00 0.00000E+00 0.00000E+00 0.00000E+00 0.00000E+00 0.00000E+00 0.00000E+00 0.00000E+00 0.00000E+00 0.00000E+00 0.00000E+00 0.00000E+00 0.00000E+00 0.00000E+00 0.00000E+00 0.00000E+00 0.00000E+00 0.00000E+00 0.00000E+00 0.00000E+00 0.00000E+00 0.00000E+00 0.00000E+00 0.00000E+00 0.00000E+00 0.00000E+00 0.00000E+00 0.00000E+00 0.00000E+00 0.00000E+00 0.00000E+00 0.00000E+00 0.00000E+00 0.00000E+00 0.00000E+00 0.00000E+00 0.00000E+00 0.00000E+00 0.00000E+00 0.00000E+00 0.00000E+00 0.00000E+00 0.00000E+00 0.00000E+00 0.00000E+00 0.00000E+00 0.00000E+00 0.00000E+00 0.00000E+00 0.00000E+00 0.00000E+00 0.00000E+00 0.00000E+00 0.00000E+00 0.00000E+00 0.00000E+00 0.00000E+00 0.00000E+00 0.00000E+00 0.00000E+00 0.00000E+00 0.00000E+00 0.00000E+00 0.00000E+00 0.00000E+00 0.00000E+00 0.00000E+00 0.00000E+00 0.00000E+00 0.00000E+00 0.00000E+00 0.00000E+00 ];

MAT_fuelsalt_ADENS = [
0.00000E+00 5.40935E-17 1.08205E-16 2.60207E-15 7.79989E-15 1.81824E-14 3.62307E-14 5.39685E-14 7.13995E-14 8.85366E-14 1.05470E-13 1.22159E-13 1.38673E-13 1.55003E-13 1.71150E-13 1.87165E-13 2.03049E-13 2.18811E-13 2.34468E-13 2.50019E-13 2.65472E-13 2.80850E-13 2.96120E-13 3.11303E-13 3.26416E-13 3.41471E-13 3.56470E-13 3.71434E-13 4.35471E-13 4.98594E-13 5.61110E-13 6.23071E-13 6.84690E-13 7.45941E-13 8.06932E-13 8.67737E-13 9.28182E-13 9.88507E-13 1.04880E-12 1.10906E-12 1.16915E-12 1.22916E-12 1.28903E-12 1.34901E-12 1.40887E-12 1.46862E-12 1.52837E-12 1.58812E-12 1.64791E-12 1.70769E-12 1.76752E-12 1.82726E-12 1.88692E-12 1.94666E-12 2.00635E-12 2.06614E-12 2.12594E-12 2.18579E-12 2.24552E-12 2.30522E-12 2.36508E-12 2.42494E-12 2.48463E-12 2.54450E-12 2.60450E-12 2.66442E-12 2.72435E-12 2.78429E-12 2.84430E-12 2.90432E-12 2.96434E-12 3.02441E-12 % lost data
7.97438E-02 7.97438E-02 7.97438E-02 7.97438E-02 7.97439E-02 7.97441E-02 7.97443E-02 7.97446E-02 7.97448E-02 7.97451E-02 7.97453E-02 7.97456E-02 7.97459E-02 7.97461E-02 7.97464E-02 7.97466E-02 7.97469E-02 7.97471E-02 7.97474E-02 7.97476E-02 7.97479E-02 7.97482E-02 7.97484E-02 7.97487E-02 7.97489E-02 7.97492E-02 7.97494E-02 7.97497E-02 7.97508E-02 7.97519E-02 7.97530E-02 7.97541E-02 7.97551E-02 7.97562E-02 7.97572E-02 7.97583E-02 7.97593E-02 7.97603E-02 7.97613E-02 7.97623E-02 7.97633E-02 7.97643E-02 7.97652E-02 7.97662E-02 7.97671E-02 7.97680E-02 7.97689E-02 7.97698E-02 7.97707E-02 7.97716E-02 7.97725E-02 7.97733E-02 7.97742E-02 7.97750E-02 7.97759E-02 7.97767E-02 7.97775E-02 7.97783E-02 7.97791E-02 7.97799E-02 7.97807E-02 7.97814E-02 7.97822E-02 7.97829E-02 7.97837E-02 7.97844E-02 7.97851E-02 7.97858E-02 7.97865E-02 7.97872E-02 7.97879E-02 7.97886E-02 % total
];

MAT_fuelsalt_MDENS = [
0.00000E+00 0.00000E+00 0.00000E+00 0.00000E+00 0.00000E+00 0.00000E+00 0.00000E+00 0.00000E+00 0.00000E+00 0.00000E+00 0.00000E+00 0.00000E+00 0.00000E+00 0.00000E+00 0.00000E+00 0.00000E+00 0.00000E+00 0.00000E+00 0.00000E+00 0.00000E+00 0.00000E+00 0.00000E+00 0.00000E+00 0.00000E+00 0.00000E+00 0.00000E+00 0.00000E+00 0.00000E+00 0.00000E+00 0.00000E+00 0.00000E+00 0.00000E+00 0.00000E+00 0.00000E+00 0.00000E+00 0.00000E+00 0.00000E+00 0.00000E+00 0.00000E+00 0.00000E+00 0.00000E+00 0.00000E+00 0.00000E+00 0.00000E+00 0.00000E+00 0.00000E+00 0.00000E+00 0.00000E+00 0.00000E+00 0.00000E+00 0.00000E+00 0.00000E+00 0.00000E+00 0.00000E+00 0.00000E+00 0.00000E+00 0.00000E+00 0.00000E+00 0.00000E+00 0.00000E+00 0.00000E+00 0.00000E+00 0.00000E+00 0.00000E+00 0.00000E+00 0.00000E+00 0.00000E+00 0.00000E+00 0.00000E+00 0.00000E+00 0.00000E+00 0.00000E+00 % lost data
3.35933E+00 3.35933E+00 3.35933E+00 3.35932E+00 3.35929E+00 3.35924E+00 3.35913E+00 3.35903E+00 3.35893E+00 3.35882E+00 3.35872E+00 3.35862E+00 3.35852E+00 3.35842E+00 3.35832E+00 3.35822E+00 3.35812E+00 3.35802E+00 3.35792E+00 3.35782E+00 3.35772E+00 3.35763E+00 3.35753E+00 3.35743E+00 3.35734E+00 3.35724E+00 3.35714E+00 3.35705E+00 3.35664E+00 3.35623E+00 3.35584E+00 3.35545E+00 3.35506E+00 3.35468E+00 3.35431E+00 3.35394E+00 3.35358E+00 3.35322E+00 3.35287E+00 3.35252E+00 3.35217E+00 3.35184E+00 3.35150E+00 3.35117E+00 3.35085E+00 3.35053E+00 3.35021E+00 3.34990E+00 3.34959E+00 3.34929E+00 3.34899E+00 3.34869E+00 3.34840E+00 3.34811E+00 3.34783E+00 3.34754E+00 3.34727E+00 3.34699E+00 3.34672E+00 3.34646E+00 3.34619E+00 3.34593E+00 3.34568E+00 3.34542E+00 3.34517E+00 3.34493E+00 3.34468E+00 3.34444E+00 3.34421E+00 3.34397E+00 3.34374E+00 3.34351E+00 % total
];

MAT_fuelsalt_A = [
0.00000E+00 0.00000E+00 0.00000E+00 0.00000E+00 0.00000E+00 0.00000E+00 0.00000E+00 0.00000E+00 0.00000E+00 0.00000E+00 0.00000E+00 0.00000E+00 0.00000E+00 0.00000E+00 0.00000E+00 0.00000E+00 0.00000E+00 0.00000E+00 0.00000E+00 0.00000E+00 0.00000E+00 0.00000E+00 0.00000E+00 0.00000E+00 0.00000E+00 0.00000E+00 0.00000E+00 0.00000E+00 0.00000E+00 0.00000E+00 0.00000E+00 0.00000E+00 0.00000E+00 0.00000E+00 0.00000E+00 0.00000E+00 0.00000E+00 0.00000E+00 0.00000E+00 0.00000E+00 0.00000E+00 0.00000E+00 0.00000E+00 0.00000E+00 0.00000E+00 0.00000E+00 0.00000E+00 0.00000E+00 0.00000E+00 0.00000E+00 0.00000E+00 0.00000E+00 0.00000E+00 0.00000E+00 0.00000E+00 0.00000E+00 0.00000E+00 0.00000E+00 0.00000E+00 0.00000E+00 0.00000E+00 0.00000E+00 0.00000E+00 0.00000E+00 0.00000E+00 0.00000E+00 0.00000E+00 0.00000E+00 0.00000E+00 0.00000E+00 0.00000E+00 0.00000E+00 % lost data
1.11355E+12 6.27369E+19 7.08666E+19 9.17134E+19 1.01160E+20 1.08901E+20 1.13516E+20 1.14438E+20 1.14726E+20 1.14867E+20 1.14894E+20 1.14882E+20 1.14860E+20 1.14875E+20 1.14811E+20 1.14819E+20 1.14819E+20 1.14741E+20 1.14679E+20 1.14693E+20 1.14622E+20 1.14618E+20 1.14601E+20 1.14552E+20 1.14551E+20 1.14528E+20 1.14486E+20 1.14516E+20 1.17220E+20 1.16902E+20 1.16544E+20 1.16314E+20 1.16088E+20 1.15979E+20 1.15688E+20 1.15576E+20 1.15450E+20 1.15305E+20 1.15164E+20 1.15030E+20 1.14962E+20 1.14757E+20 1.14749E+20 1.14583E+20 1.14589E+20 1.14497E+20 1.14384E+20 1.14337E+20 1.14253E+20 1.14213E+20 1.14141E+20 1.14051E+20 1.13994E+20 1.13950E+20 1.13882E+20 1.13794E+20 1.13773E+20 1.13708E+20 1.13686E+20 1.13626E+20 1.13524E+20 1.13502E+20 1.13465E+20 1.13450E+20 1.13456E+20 1.13403E+20 1.13308E+20 1.13286E+20 1.13212E+20 1.13216E+20 1.13117E+20 1.13115E+20 % total
];

