
ZAI = [
666
0
];

NAMES = [
'lost            '
'total           '
];

iLOST    = 1;
iTOT     = 2;

MAT_fuelsalt_VOLUME = [ 1.36700E+07 1.36700E+07 1.36700E+07 1.36700E+07 1.36700E+07 1.36700E+07 1.36700E+07 1.36700E+07 1.36700E+07 1.36700E+07 1.36700E+07 1.36700E+07 1.36700E+07 1.36700E+07 1.36700E+07 1.36700E+07 1.36700E+07 1.36700E+07 1.36700E+07 1.36700E+07 1.36700E+07 1.36700E+07 1.36700E+07 1.36700E+07 1.36700E+07 1.36700E+07 1.36700E+07 1.36700E+07 1.36700E+07 1.36700E+07 1.36700E+07 1.36700E+07 1.36700E+07 1.36700E+07 1.36700E+07 1.36700E+07 1.36700E+07 1.36700E+07 1.36700E+07 1.36700E+07 1.36700E+07 1.36700E+07 1.36700E+07 1.36700E+07 1.36700E+07 1.36700E+07 1.36700E+07 1.36700E+07 1.36700E+07 1.36700E+07 1.36700E+07 1.36700E+07 1.36700E+07 1.36700E+07 1.36700E+07 1.36700E+07 1.36700E+07 1.36700E+07 1.36700E+07 1.36700E+07 1.36700E+07 1.36700E+07 1.36700E+07 1.36700E+07 1.36700E+07 1.36700E+07 1.36700E+07 1.36700E+07 1.36700E+07 1.36700E+07 1.36700E+07 1.36700E+07 ];

MAT_fuelsalt_BURNUP = [ 0.00000E+00 0.00000E+00 0.00000E+00 0.00000E+00 0.00000E+00 0.00000E+00 0.00000E+00 0.00000E+00 0.00000E+00 0.00000E+00 0.00000E+00 0.00000E+00 0.00000E+00 0.00000E+00 0.00000E+00 0.00000E+00 0.00000E+00 0.00000E+00 0.00000E+00 0.00000E+00 0.00000E+00 0.00000E+00 0.00000E+00 0.00000E+00 0.00000E+00 0.00000E+00 0.00000E+00 0.00000E+00 0.00000E+00 0.00000E+00 0.00000E+00 0.00000E+00 0.00000E+00 0.00000E+00 0.00000E+00 0.00000E+00 0.00000E+00 0.00000E+00 0.00000E+00 0.00000E+00 0.00000E+00 0.00000E+00 0.00000E+00 0.00000E+00 0.00000E+00 0.00000E+00 0.00000E+00 0.00000E+00 0.00000E+00 0.00000E+00 0.00000E+00 0.00000E+00 0.00000E+00 0.00000E+00 0.00000E+00 0.00000E+00 0.00000E+00 0.00000E+00 0.00000E+00 0.00000E+00 0.00000E+00 0.00000E+00 0.00000E+00 0.00000E+00 0.00000E+00 0.00000E+00 0.00000E+00 0.00000E+00 0.00000E+00 0.00000E+00 0.00000E+00 0.00000E+00 ];

MAT_fuelsalt_ADENS = [
0.00000E+00 5.41143E-17 1.08243E-16 2.60624E-15 7.82159E-15 1.82222E-14 3.63271E-14 5.41056E-14 7.15646E-14 8.87555E-14 1.05716E-13 1.22490E-13 1.39092E-13 1.55520E-13 1.71822E-13 1.87979E-13 2.04025E-13 2.19969E-13 2.35821E-13 2.51596E-13 2.67282E-13 2.82910E-13 2.98489E-13 3.13997E-13 3.29445E-13 3.44850E-13 3.60191E-13 3.75516E-13 4.41734E-13 5.07256E-13 5.72252E-13 6.36893E-13 7.01238E-13 7.65274E-13 8.29129E-13 8.92904E-13 9.56508E-13 1.02000E-12 1.08342E-12 1.14666E-12 1.20987E-12 1.27301E-12 1.33604E-12 1.39904E-12 1.46219E-12 1.52507E-12 1.58801E-12 1.65086E-12 1.71374E-12 1.77654E-12 1.83933E-12 1.90215E-12 1.96499E-12 2.02780E-12 2.09058E-12 2.15337E-12 2.21611E-12 2.27883E-12 2.34148E-12 2.40425E-12 2.46707E-12 2.52977E-12 2.59244E-12 2.65512E-12 2.71778E-12 2.78054E-12 2.84323E-12 2.90586E-12 2.96856E-12 3.03133E-12 3.09407E-12 3.15673E-12 % lost data
7.97438E-02 7.97438E-02 7.97438E-02 7.97438E-02 7.97439E-02 7.97441E-02 7.97443E-02 7.97446E-02 7.97448E-02 7.97451E-02 7.97453E-02 7.97456E-02 7.97458E-02 7.97461E-02 7.97463E-02 7.97466E-02 7.97468E-02 7.97471E-02 7.97473E-02 7.97475E-02 7.97478E-02 7.97480E-02 7.97483E-02 7.97485E-02 7.97487E-02 7.97490E-02 7.97492E-02 7.97494E-02 7.97504E-02 7.97514E-02 7.97523E-02 7.97532E-02 7.97541E-02 7.97550E-02 7.97558E-02 7.97566E-02 7.97574E-02 7.97581E-02 7.97588E-02 7.97595E-02 7.97602E-02 7.97609E-02 7.97615E-02 7.97621E-02 7.97627E-02 7.97633E-02 7.97638E-02 7.97644E-02 7.97649E-02 7.97654E-02 7.97659E-02 7.97664E-02 7.97668E-02 7.97672E-02 7.97677E-02 7.97681E-02 7.97685E-02 7.97689E-02 7.97692E-02 7.97696E-02 7.97700E-02 7.97703E-02 7.97706E-02 7.97709E-02 7.97712E-02 7.97715E-02 7.97718E-02 7.97721E-02 7.97724E-02 7.97726E-02 7.97729E-02 7.97731E-02 % total
];

MAT_fuelsalt_MDENS = [
0.00000E+00 0.00000E+00 0.00000E+00 0.00000E+00 0.00000E+00 0.00000E+00 0.00000E+00 0.00000E+00 0.00000E+00 0.00000E+00 0.00000E+00 0.00000E+00 0.00000E+00 0.00000E+00 0.00000E+00 0.00000E+00 0.00000E+00 0.00000E+00 0.00000E+00 0.00000E+00 0.00000E+00 0.00000E+00 0.00000E+00 0.00000E+00 0.00000E+00 0.00000E+00 0.00000E+00 0.00000E+00 0.00000E+00 0.00000E+00 0.00000E+00 0.00000E+00 0.00000E+00 0.00000E+00 0.00000E+00 0.00000E+00 0.00000E+00 0.00000E+00 0.00000E+00 0.00000E+00 0.00000E+00 0.00000E+00 0.00000E+00 0.00000E+00 0.00000E+00 0.00000E+00 0.00000E+00 0.00000E+00 0.00000E+00 0.00000E+00 0.00000E+00 0.00000E+00 0.00000E+00 0.00000E+00 0.00000E+00 0.00000E+00 0.00000E+00 0.00000E+00 0.00000E+00 0.00000E+00 0.00000E+00 0.00000E+00 0.00000E+00 0.00000E+00 0.00000E+00 0.00000E+00 0.00000E+00 0.00000E+00 0.00000E+00 0.00000E+00 0.00000E+00 0.00000E+00 % lost data
3.35933E+00 3.35933E+00 3.35933E+00 3.35932E+00 3.35929E+00 3.35923E+00 3.35912E+00 3.35901E+00 3.35890E+00 3.35879E+00 3.35868E+00 3.35858E+00 3.35847E+00 3.35837E+00 3.35826E+00 3.35816E+00 3.35806E+00 3.35796E+00 3.35786E+00 3.35776E+00 3.35766E+00 3.35756E+00 3.35747E+00 3.35737E+00 3.35728E+00 3.35718E+00 3.35709E+00 3.35700E+00 3.35660E+00 3.35622E+00 3.35585E+00 3.35549E+00 3.35515E+00 3.35481E+00 3.35449E+00 3.35419E+00 3.35389E+00 3.35360E+00 3.35332E+00 3.35305E+00 3.35279E+00 3.35254E+00 3.35230E+00 3.35206E+00 3.35184E+00 3.35162E+00 3.35141E+00 3.35120E+00 3.35100E+00 3.35081E+00 3.35063E+00 3.35045E+00 3.35027E+00 3.35011E+00 3.34994E+00 3.34979E+00 3.34964E+00 3.34949E+00 3.34935E+00 3.34921E+00 3.34908E+00 3.34895E+00 3.34883E+00 3.34871E+00 3.34859E+00 3.34848E+00 3.34837E+00 3.34827E+00 3.34817E+00 3.34807E+00 3.34797E+00 3.34788E+00 % total
];

MAT_fuelsalt_A = [
0.00000E+00 0.00000E+00 0.00000E+00 0.00000E+00 0.00000E+00 0.00000E+00 0.00000E+00 0.00000E+00 0.00000E+00 0.00000E+00 0.00000E+00 0.00000E+00 0.00000E+00 0.00000E+00 0.00000E+00 0.00000E+00 0.00000E+00 0.00000E+00 0.00000E+00 0.00000E+00 0.00000E+00 0.00000E+00 0.00000E+00 0.00000E+00 0.00000E+00 0.00000E+00 0.00000E+00 0.00000E+00 0.00000E+00 0.00000E+00 0.00000E+00 0.00000E+00 0.00000E+00 0.00000E+00 0.00000E+00 0.00000E+00 0.00000E+00 0.00000E+00 0.00000E+00 0.00000E+00 0.00000E+00 0.00000E+00 0.00000E+00 0.00000E+00 0.00000E+00 0.00000E+00 0.00000E+00 0.00000E+00 0.00000E+00 0.00000E+00 0.00000E+00 0.00000E+00 0.00000E+00 0.00000E+00 0.00000E+00 0.00000E+00 0.00000E+00 0.00000E+00 0.00000E+00 0.00000E+00 0.00000E+00 0.00000E+00 0.00000E+00 0.00000E+00 0.00000E+00 0.00000E+00 0.00000E+00 0.00000E+00 0.00000E+00 0.00000E+00 0.00000E+00 0.00000E+00 % lost data
1.11355E+12 6.27535E+19 7.09007E+19 9.19192E+19 1.01506E+20 1.09456E+20 1.14410E+20 1.14974E+20 1.14944E+20 1.14773E+20 1.14570E+20 1.14376E+20 1.14174E+20 1.14020E+20 1.13801E+20 1.13591E+20 1.13447E+20 1.13347E+20 1.13126E+20 1.12964E+20 1.12803E+20 1.12739E+20 1.12629E+20 1.12521E+20 1.12388E+20 1.12265E+20 1.12158E+20 1.12064E+20 1.15992E+20 1.15158E+20 1.14447E+20 1.13938E+20 1.13358E+20 1.12843E+20 1.12503E+20 1.12154E+20 1.11778E+20 1.11485E+20 1.11175E+20 1.10914E+20 1.10720E+20 1.10547E+20 1.10293E+20 1.10134E+20 1.09957E+20 1.09793E+20 1.09609E+20 1.09519E+20 1.09335E+20 1.09240E+20 1.09123E+20 1.08961E+20 1.08917E+20 1.08770E+20 1.08638E+20 1.08562E+20 1.08520E+20 1.08436E+20 1.08334E+20 1.08298E+20 1.08150E+20 1.08138E+20 1.08085E+20 1.08008E+20 1.07912E+20 1.07896E+20 1.07823E+20 1.07774E+20 1.07733E+20 1.07633E+20 1.07647E+20 1.07573E+20 % total
];

