
ZAI = [
666
0
];

NAMES = [
'lost            '
'total           '
];

iLOST    = 1;
iTOT     = 2;

MAT_fuelsalt_VOLUME = [ 1.36700E+07 1.36700E+07 1.36700E+07 1.36700E+07 1.36700E+07 1.36700E+07 1.36700E+07 1.36700E+07 1.36700E+07 1.36700E+07 1.36700E+07 1.36700E+07 1.36700E+07 1.36700E+07 1.36700E+07 1.36700E+07 1.36700E+07 1.36700E+07 1.36700E+07 1.36700E+07 1.36700E+07 1.36700E+07 1.36700E+07 1.36700E+07 1.36700E+07 1.36700E+07 1.36700E+07 1.36700E+07 1.36700E+07 1.36700E+07 1.36700E+07 1.36700E+07 1.36700E+07 1.36700E+07 1.36700E+07 1.36700E+07 1.36700E+07 1.36700E+07 1.36700E+07 1.36700E+07 1.36700E+07 1.36700E+07 1.36700E+07 1.36700E+07 1.36700E+07 1.36700E+07 1.36700E+07 1.36700E+07 1.36700E+07 1.36700E+07 1.36700E+07 1.36700E+07 1.36700E+07 1.36700E+07 1.36700E+07 1.36700E+07 1.36700E+07 1.36700E+07 1.36700E+07 1.36700E+07 1.36700E+07 1.36700E+07 1.36700E+07 1.36700E+07 1.36700E+07 1.36700E+07 1.36700E+07 1.36700E+07 1.36700E+07 1.36700E+07 1.36700E+07 1.36700E+07 ];

MAT_fuelsalt_BURNUP = [ 0.00000E+00 0.00000E+00 0.00000E+00 0.00000E+00 0.00000E+00 0.00000E+00 0.00000E+00 0.00000E+00 0.00000E+00 0.00000E+00 0.00000E+00 0.00000E+00 0.00000E+00 0.00000E+00 0.00000E+00 0.00000E+00 0.00000E+00 0.00000E+00 0.00000E+00 0.00000E+00 0.00000E+00 0.00000E+00 0.00000E+00 0.00000E+00 0.00000E+00 0.00000E+00 0.00000E+00 0.00000E+00 0.00000E+00 0.00000E+00 0.00000E+00 0.00000E+00 0.00000E+00 0.00000E+00 0.00000E+00 0.00000E+00 0.00000E+00 0.00000E+00 0.00000E+00 0.00000E+00 0.00000E+00 0.00000E+00 0.00000E+00 0.00000E+00 0.00000E+00 0.00000E+00 0.00000E+00 0.00000E+00 0.00000E+00 0.00000E+00 0.00000E+00 0.00000E+00 0.00000E+00 0.00000E+00 0.00000E+00 0.00000E+00 0.00000E+00 0.00000E+00 0.00000E+00 0.00000E+00 0.00000E+00 0.00000E+00 0.00000E+00 0.00000E+00 0.00000E+00 0.00000E+00 0.00000E+00 0.00000E+00 0.00000E+00 0.00000E+00 0.00000E+00 0.00000E+00 ];

MAT_fuelsalt_ADENS = [
0.00000E+00 5.40849E-17 1.08147E-16 2.60941E-15 7.84038E-15 1.83386E-14 3.66510E-14 5.45603E-14 7.21417E-14 8.94358E-14 1.06510E-13 1.23414E-13 1.40154E-13 1.56758E-13 1.73251E-13 1.89661E-13 2.05986E-13 2.22219E-13 2.38408E-13 2.54528E-13 2.70610E-13 2.86624E-13 3.02624E-13 3.18583E-13 3.34484E-13 3.50366E-13 3.66214E-13 3.82035E-13 4.51025E-13 5.19504E-13 5.87527E-13 6.55210E-13 7.22615E-13 7.89759E-13 8.56716E-13 9.23608E-13 9.90400E-13 1.05701E-12 1.12348E-12 1.18996E-12 1.25628E-12 1.32259E-12 1.38887E-12 1.45516E-12 1.52134E-12 1.58751E-12 1.65370E-12 1.71980E-12 1.78593E-12 1.85202E-12 1.91813E-12 1.98418E-12 2.05024E-12 2.11620E-12 2.18213E-12 2.24809E-12 2.31406E-12 2.38000E-12 2.44601E-12 2.51202E-12 2.57800E-12 2.64399E-12 2.70995E-12 2.77593E-12 2.84196E-12 2.90793E-12 2.97386E-12 3.03981E-12 3.10579E-12 3.17169E-12 3.23765E-12 3.30355E-12 % lost data
7.97438E-02 7.97438E-02 7.97438E-02 7.97438E-02 7.97439E-02 7.97441E-02 7.97443E-02 7.97446E-02 7.97448E-02 7.97451E-02 7.97453E-02 7.97455E-02 7.97458E-02 7.97460E-02 7.97462E-02 7.97464E-02 7.97466E-02 7.97468E-02 7.97470E-02 7.97472E-02 7.97474E-02 7.97476E-02 7.97478E-02 7.97479E-02 7.97481E-02 7.97483E-02 7.97484E-02 7.97486E-02 7.97493E-02 7.97499E-02 7.97504E-02 7.97509E-02 7.97513E-02 7.97517E-02 7.97521E-02 7.97524E-02 7.97527E-02 7.97529E-02 7.97532E-02 7.97534E-02 7.97535E-02 7.97537E-02 7.97539E-02 7.97540E-02 7.97541E-02 7.97542E-02 7.97543E-02 7.97544E-02 7.97545E-02 7.97545E-02 7.97546E-02 7.97547E-02 7.97547E-02 7.97547E-02 7.97548E-02 7.97548E-02 7.97549E-02 7.97549E-02 7.97549E-02 7.97549E-02 7.97550E-02 7.97550E-02 7.97550E-02 7.97550E-02 7.97550E-02 7.97550E-02 7.97550E-02 7.97551E-02 7.97551E-02 7.97551E-02 7.97551E-02 7.97551E-02 % total
];

MAT_fuelsalt_MDENS = [
0.00000E+00 0.00000E+00 0.00000E+00 0.00000E+00 0.00000E+00 0.00000E+00 0.00000E+00 0.00000E+00 0.00000E+00 0.00000E+00 0.00000E+00 0.00000E+00 0.00000E+00 0.00000E+00 0.00000E+00 0.00000E+00 0.00000E+00 0.00000E+00 0.00000E+00 0.00000E+00 0.00000E+00 0.00000E+00 0.00000E+00 0.00000E+00 0.00000E+00 0.00000E+00 0.00000E+00 0.00000E+00 0.00000E+00 0.00000E+00 0.00000E+00 0.00000E+00 0.00000E+00 0.00000E+00 0.00000E+00 0.00000E+00 0.00000E+00 0.00000E+00 0.00000E+00 0.00000E+00 0.00000E+00 0.00000E+00 0.00000E+00 0.00000E+00 0.00000E+00 0.00000E+00 0.00000E+00 0.00000E+00 0.00000E+00 0.00000E+00 0.00000E+00 0.00000E+00 0.00000E+00 0.00000E+00 0.00000E+00 0.00000E+00 0.00000E+00 0.00000E+00 0.00000E+00 0.00000E+00 0.00000E+00 0.00000E+00 0.00000E+00 0.00000E+00 0.00000E+00 0.00000E+00 0.00000E+00 0.00000E+00 0.00000E+00 0.00000E+00 0.00000E+00 0.00000E+00 % lost data
3.35933E+00 3.35933E+00 3.35933E+00 3.35931E+00 3.35928E+00 3.35920E+00 3.35907E+00 3.35894E+00 3.35881E+00 3.35868E+00 3.35856E+00 3.35844E+00 3.35833E+00 3.35822E+00 3.35811E+00 3.35800E+00 3.35789E+00 3.35779E+00 3.35769E+00 3.35760E+00 3.35750E+00 3.35741E+00 3.35732E+00 3.35724E+00 3.35715E+00 3.35707E+00 3.35699E+00 3.35691E+00 3.35658E+00 3.35628E+00 3.35602E+00 3.35578E+00 3.35557E+00 3.35538E+00 3.35521E+00 3.35506E+00 3.35492E+00 3.35480E+00 3.35469E+00 3.35459E+00 3.35450E+00 3.35442E+00 3.35435E+00 3.35429E+00 3.35423E+00 3.35418E+00 3.35413E+00 3.35409E+00 3.35405E+00 3.35402E+00 3.35399E+00 3.35396E+00 3.35394E+00 3.35391E+00 3.35389E+00 3.35388E+00 3.35386E+00 3.35385E+00 3.35383E+00 3.35382E+00 3.35381E+00 3.35380E+00 3.35379E+00 3.35378E+00 3.35378E+00 3.35377E+00 3.35377E+00 3.35376E+00 3.35376E+00 3.35375E+00 3.35375E+00 3.35375E+00 % total
];

MAT_fuelsalt_A = [
0.00000E+00 0.00000E+00 0.00000E+00 0.00000E+00 0.00000E+00 0.00000E+00 0.00000E+00 0.00000E+00 0.00000E+00 0.00000E+00 0.00000E+00 0.00000E+00 0.00000E+00 0.00000E+00 0.00000E+00 0.00000E+00 0.00000E+00 0.00000E+00 0.00000E+00 0.00000E+00 0.00000E+00 0.00000E+00 0.00000E+00 0.00000E+00 0.00000E+00 0.00000E+00 0.00000E+00 0.00000E+00 0.00000E+00 0.00000E+00 0.00000E+00 0.00000E+00 0.00000E+00 0.00000E+00 0.00000E+00 0.00000E+00 0.00000E+00 0.00000E+00 0.00000E+00 0.00000E+00 0.00000E+00 0.00000E+00 0.00000E+00 0.00000E+00 0.00000E+00 0.00000E+00 0.00000E+00 0.00000E+00 0.00000E+00 0.00000E+00 0.00000E+00 0.00000E+00 0.00000E+00 0.00000E+00 0.00000E+00 0.00000E+00 0.00000E+00 0.00000E+00 0.00000E+00 0.00000E+00 0.00000E+00 0.00000E+00 0.00000E+00 0.00000E+00 0.00000E+00 0.00000E+00 0.00000E+00 0.00000E+00 0.00000E+00 0.00000E+00 0.00000E+00 0.00000E+00 % lost data
1.11355E+12 6.27481E+19 7.08774E+19 9.24625E+19 1.02554E+20 1.11419E+20 1.17145E+20 1.16377E+20 1.15304E+20 1.14310E+20 1.13525E+20 1.12782E+20 1.12157E+20 1.11551E+20 1.11053E+20 1.10653E+20 1.10210E+20 1.09898E+20 1.09520E+20 1.09235E+20 1.08986E+20 1.08690E+20 1.08431E+20 1.08182E+20 1.08013E+20 1.07816E+20 1.07631E+20 1.07444E+20 1.12082E+20 1.10698E+20 1.09556E+20 1.08616E+20 1.07852E+20 1.07235E+20 1.06688E+20 1.06257E+20 1.05857E+20 1.05544E+20 1.05231E+20 1.04996E+20 1.04717E+20 1.04574E+20 1.04400E+20 1.04232E+20 1.04075E+20 1.04014E+20 1.03872E+20 1.03754E+20 1.03688E+20 1.03602E+20 1.03566E+20 1.03456E+20 1.03454E+20 1.03403E+20 1.03357E+20 1.03306E+20 1.03225E+20 1.03246E+20 1.03210E+20 1.03181E+20 1.03146E+20 1.03151E+20 1.03143E+20 1.03094E+20 1.03090E+20 1.03085E+20 1.03069E+20 1.03038E+20 1.03039E+20 1.03079E+20 1.03053E+20 1.03008E+20 % total
];

