
ZAI = [
666
0
];

NAMES = [
'lost            '
'total           '
];

iLOST    = 1;
iTOT     = 2;

MAT_fuelsalt_VOLUME = [ 1.36700E+07 1.36700E+07 1.36700E+07 1.36700E+07 1.36700E+07 1.36700E+07 1.36700E+07 1.36700E+07 1.36700E+07 1.36700E+07 1.36700E+07 1.36700E+07 1.36700E+07 1.36700E+07 1.36700E+07 1.36700E+07 1.36700E+07 1.36700E+07 1.36700E+07 1.36700E+07 1.36700E+07 1.36700E+07 1.36700E+07 1.36700E+07 1.36700E+07 1.36700E+07 1.36700E+07 1.36700E+07 1.36700E+07 1.36700E+07 1.36700E+07 1.36700E+07 1.36700E+07 1.36700E+07 1.36700E+07 1.36700E+07 1.36700E+07 1.36700E+07 1.36700E+07 1.36700E+07 1.36700E+07 1.36700E+07 1.36700E+07 1.36700E+07 1.36700E+07 1.36700E+07 1.36700E+07 1.36700E+07 1.36700E+07 1.36700E+07 1.36700E+07 1.36700E+07 1.36700E+07 1.36700E+07 1.36700E+07 1.36700E+07 1.36700E+07 1.36700E+07 1.36700E+07 1.36700E+07 1.36700E+07 1.36700E+07 1.36700E+07 1.36700E+07 1.36700E+07 1.36700E+07 1.36700E+07 1.36700E+07 1.36700E+07 1.36700E+07 1.36700E+07 1.36700E+07 ];

MAT_fuelsalt_BURNUP = [ 0.00000E+00 0.00000E+00 0.00000E+00 0.00000E+00 0.00000E+00 0.00000E+00 0.00000E+00 0.00000E+00 0.00000E+00 0.00000E+00 0.00000E+00 0.00000E+00 0.00000E+00 0.00000E+00 0.00000E+00 0.00000E+00 0.00000E+00 0.00000E+00 0.00000E+00 0.00000E+00 0.00000E+00 0.00000E+00 0.00000E+00 0.00000E+00 0.00000E+00 0.00000E+00 0.00000E+00 0.00000E+00 0.00000E+00 0.00000E+00 0.00000E+00 0.00000E+00 0.00000E+00 0.00000E+00 0.00000E+00 0.00000E+00 0.00000E+00 0.00000E+00 0.00000E+00 0.00000E+00 0.00000E+00 0.00000E+00 0.00000E+00 0.00000E+00 0.00000E+00 0.00000E+00 0.00000E+00 0.00000E+00 0.00000E+00 0.00000E+00 0.00000E+00 0.00000E+00 0.00000E+00 0.00000E+00 0.00000E+00 0.00000E+00 0.00000E+00 0.00000E+00 0.00000E+00 0.00000E+00 0.00000E+00 0.00000E+00 0.00000E+00 0.00000E+00 0.00000E+00 0.00000E+00 0.00000E+00 0.00000E+00 0.00000E+00 0.00000E+00 0.00000E+00 0.00000E+00 ];

MAT_fuelsalt_ADENS = [
0.00000E+00 4.98089E-17 9.96810E-17 2.40125E-15 7.19898E-15 1.67856E-14 3.35286E-14 5.02684E-14 6.69994E-14 8.37445E-14 1.00518E-13 1.17269E-13 1.34022E-13 1.50763E-13 1.67502E-13 1.84257E-13 2.00983E-13 2.17728E-13 2.34460E-13 2.51208E-13 2.67953E-13 2.84707E-13 3.01454E-13 3.18190E-13 3.34938E-13 3.51696E-13 3.68449E-13 3.85196E-13 4.56973E-13 5.28773E-13 6.00616E-13 6.72343E-13 7.44152E-13 8.15950E-13 8.87678E-13 9.59524E-13 1.03129E-12 1.10302E-12 1.17478E-12 1.24655E-12 1.31836E-12 1.39010E-12 1.46185E-12 1.53354E-12 1.60528E-12 1.67709E-12 1.74885E-12 1.82064E-12 1.89240E-12 1.96414E-12 2.03595E-12 2.10778E-12 2.17957E-12 2.25135E-12 2.32321E-12 2.39499E-12 2.46676E-12 2.53856E-12 2.61036E-12 2.68213E-12 2.75388E-12 2.82565E-12 2.89750E-12 2.96926E-12 3.04108E-12 3.11292E-12 3.18472E-12 3.25648E-12 3.32814E-12 3.39995E-12 3.47169E-12 3.54347E-12 % lost data
6.48302E-02 6.48302E-02 6.48302E-02 6.48303E-02 6.48303E-02 6.48303E-02 6.48303E-02 6.48303E-02 6.48303E-02 6.48303E-02 6.48303E-02 6.48303E-02 6.48303E-02 6.48303E-02 6.48303E-02 6.48303E-02 6.48303E-02 6.48303E-02 6.48303E-02 6.48303E-02 6.48303E-02 6.48303E-02 6.48303E-02 6.48303E-02 6.48303E-02 6.48303E-02 6.48303E-02 6.48303E-02 6.48303E-02 6.48303E-02 6.48303E-02 6.48303E-02 6.48303E-02 6.48303E-02 6.48303E-02 6.48303E-02 6.48303E-02 6.48303E-02 6.48303E-02 6.48303E-02 6.48303E-02 6.48303E-02 6.48303E-02 6.48303E-02 6.48303E-02 6.48303E-02 6.48303E-02 6.48303E-02 6.48303E-02 6.48303E-02 6.48303E-02 6.48303E-02 6.48303E-02 6.48303E-02 6.48303E-02 6.48303E-02 6.48303E-02 6.48303E-02 6.48303E-02 6.48303E-02 6.48303E-02 6.48303E-02 6.48303E-02 6.48303E-02 6.48303E-02 6.48303E-02 6.48303E-02 6.48303E-02 6.48303E-02 6.48303E-02 6.48303E-02 6.48303E-02 % total
];

MAT_fuelsalt_MDENS = [
0.00000E+00 0.00000E+00 0.00000E+00 0.00000E+00 0.00000E+00 0.00000E+00 0.00000E+00 0.00000E+00 0.00000E+00 0.00000E+00 0.00000E+00 0.00000E+00 0.00000E+00 0.00000E+00 0.00000E+00 0.00000E+00 0.00000E+00 0.00000E+00 0.00000E+00 0.00000E+00 0.00000E+00 0.00000E+00 0.00000E+00 0.00000E+00 0.00000E+00 0.00000E+00 0.00000E+00 0.00000E+00 0.00000E+00 0.00000E+00 0.00000E+00 0.00000E+00 0.00000E+00 0.00000E+00 0.00000E+00 0.00000E+00 0.00000E+00 0.00000E+00 0.00000E+00 0.00000E+00 0.00000E+00 0.00000E+00 0.00000E+00 0.00000E+00 0.00000E+00 0.00000E+00 0.00000E+00 0.00000E+00 0.00000E+00 0.00000E+00 0.00000E+00 0.00000E+00 0.00000E+00 0.00000E+00 0.00000E+00 0.00000E+00 0.00000E+00 0.00000E+00 0.00000E+00 0.00000E+00 0.00000E+00 0.00000E+00 0.00000E+00 0.00000E+00 0.00000E+00 0.00000E+00 0.00000E+00 0.00000E+00 0.00000E+00 0.00000E+00 0.00000E+00 0.00000E+00 % lost data
3.24053E+00 3.24052E+00 3.24052E+00 3.24051E+00 3.24050E+00 3.24050E+00 3.24050E+00 3.24050E+00 3.24050E+00 3.24050E+00 3.24050E+00 3.24050E+00 3.24050E+00 3.24050E+00 3.24050E+00 3.24050E+00 3.24050E+00 3.24050E+00 3.24050E+00 3.24050E+00 3.24050E+00 3.24050E+00 3.24050E+00 3.24050E+00 3.24050E+00 3.24050E+00 3.24050E+00 3.24050E+00 3.24050E+00 3.24050E+00 3.24050E+00 3.24050E+00 3.24050E+00 3.24050E+00 3.24050E+00 3.24050E+00 3.24050E+00 3.24050E+00 3.24050E+00 3.24050E+00 3.24050E+00 3.24050E+00 3.24050E+00 3.24050E+00 3.24050E+00 3.24050E+00 3.24050E+00 3.24050E+00 3.24050E+00 3.24050E+00 3.24050E+00 3.24050E+00 3.24050E+00 3.24050E+00 3.24050E+00 3.24050E+00 3.24050E+00 3.24050E+00 3.24050E+00 3.24050E+00 3.24050E+00 3.24050E+00 3.24050E+00 3.24050E+00 3.24050E+00 3.24050E+00 3.24050E+00 3.24050E+00 3.24050E+00 3.24050E+00 3.24050E+00 3.24050E+00 % total
];

MAT_fuelsalt_A = [
0.00000E+00 0.00000E+00 0.00000E+00 0.00000E+00 0.00000E+00 0.00000E+00 0.00000E+00 0.00000E+00 0.00000E+00 0.00000E+00 0.00000E+00 0.00000E+00 0.00000E+00 0.00000E+00 0.00000E+00 0.00000E+00 0.00000E+00 0.00000E+00 0.00000E+00 0.00000E+00 0.00000E+00 0.00000E+00 0.00000E+00 0.00000E+00 0.00000E+00 0.00000E+00 0.00000E+00 0.00000E+00 0.00000E+00 0.00000E+00 0.00000E+00 0.00000E+00 0.00000E+00 0.00000E+00 0.00000E+00 0.00000E+00 0.00000E+00 0.00000E+00 0.00000E+00 0.00000E+00 0.00000E+00 0.00000E+00 0.00000E+00 0.00000E+00 0.00000E+00 0.00000E+00 0.00000E+00 0.00000E+00 0.00000E+00 0.00000E+00 0.00000E+00 0.00000E+00 0.00000E+00 0.00000E+00 0.00000E+00 0.00000E+00 0.00000E+00 0.00000E+00 0.00000E+00 0.00000E+00 0.00000E+00 0.00000E+00 0.00000E+00 0.00000E+00 0.00000E+00 0.00000E+00 0.00000E+00 0.00000E+00 0.00000E+00 0.00000E+00 0.00000E+00 0.00000E+00 % lost data
1.53350E+12 6.33863E+19 7.09385E+19 8.71365E+19 8.85801E+19 8.84119E+19 8.83263E+19 8.83106E+19 8.82937E+19 8.82898E+19 8.82964E+19 8.83144E+19 8.83200E+19 8.83222E+19 8.83320E+19 8.83144E+19 8.83077E+19 8.83026E+19 8.83069E+19 8.83211E+19 8.83010E+19 8.83105E+19 8.83124E+19 8.83054E+19 8.83333E+19 8.83144E+19 8.83336E+19 8.83249E+19 8.83341E+19 8.83245E+19 8.83159E+19 8.83263E+19 8.82964E+19 8.83016E+19 8.83273E+19 8.82922E+19 8.82965E+19 8.82981E+19 8.82993E+19 8.83006E+19 8.83150E+19 8.83174E+19 8.82932E+19 8.83347E+19 8.82943E+19 8.83218E+19 8.83034E+19 8.83071E+19 8.83095E+19 8.82963E+19 8.83205E+19 8.82949E+19 8.83382E+19 8.83174E+19 8.83099E+19 8.83291E+19 8.83132E+19 8.83115E+19 8.83155E+19 8.82970E+19 8.83050E+19 8.83198E+19 8.83135E+19 8.82894E+19 8.83044E+19 8.83282E+19 8.83065E+19 8.83187E+19 8.83176E+19 8.83115E+19 8.83120E+19 8.83148E+19 % total
];

