t =  1.797120000000000E+03;
flx =  1.899128999999998E+14;
N0 = zeros(21, 1);
N0(  1, 1) =  0.000000000000000E+00; % lost
N0(  2, 1) =  0.000000000000000E+00; % 1001.09c
N0(  3, 1) =  0.000000000000000E+00; % 1002.09c
N0(  4, 1) =  0.000000000000000E+00; % 1003.09c
N0(  5, 1) =  0.000000000000000E+00; % 2003.09c
N0(  6, 1) =  0.000000000000000E+00; % 2004.09c
N0(  7, 1) =  0.000000000000000E+00; % 20060
N0(  8, 1) =  0.000000000000000E+00; % 3006.09c
N0(  9, 1) =  0.000000000000000E+00; % 3007.09c
N0( 10, 1) =  0.000000000000000E+00; % 30080
N0( 11, 1) =  0.000000000000000E+00; % 30090
N0( 12, 1) =  0.000000000000000E+00; % 40080
N0( 13, 1) =  0.000000000000000E+00; % 4009.09c
N0( 14, 1) =  0.000000000000000E+00; % 40100
N0( 15, 1) =  0.000000000000000E+00; % 40110
N0( 16, 1) =  3.612896807461390E-08; % 5010.09c
N0( 17, 1) =  1.445158722984556E-07; % 5011.09c
N0( 18, 1) =  0.000000000000000E+00; % 50120
N0( 19, 1) =  9.032223954169440E-02; % 6000.09s
N0( 20, 1) =  0.000000000000000E+00; % 6012.09c
N0( 21, 1) =  0.000000000000000E+00; % 60130
ZAI = zeros(21, 1);
ZAI(  1) =  -1;
ZAI(  2) =  10010;
ZAI(  3) =  10020;
ZAI(  4) =  10030;
ZAI(  5) =  20030;
ZAI(  6) =  20040;
ZAI(  7) =  20060;
ZAI(  8) =  30060;
ZAI(  9) =  30070;
ZAI( 10) =  30080;
ZAI( 11) =  30090;
ZAI( 12) =  40080;
ZAI( 13) =  40090;
ZAI( 14) =  40100;
ZAI( 15) =  40110;
ZAI( 16) =  50100;
ZAI( 17) =  50110;
ZAI( 18) =  50120;
ZAI( 19) =  60000;
ZAI( 20) =  60120;
ZAI( 21) =  60130;
A = zeros(21, 21);
A(   2,    2) = -1.408300697925414E-11;
A(   3,    2) =  1.408300697925414E-11;
A(   2,    3) =  4.404434270535858E-14;
A(   3,    3) = -6.568371491915831E-14;
A(   4,    3) =  2.163937221379973E-14;
A(   3,    4) =  7.626878945195688E-17;
A(   4,    4) = -1.782833723464985E-09;
A(   5,    4) =  1.782833647196195E-09;
A(   2,    5) =  2.253808518646058E-07;
A(   3,    5) =  4.259809384092048E-14;
A(   4,    5) =  2.253808518646058E-07;
A(   5,    5) = -2.253808744790013E-07;
A(   6,    5) =  1.315348646900721E-15;
A(   7,    7) = -8.592378586338787E-01;
A(   8,    7) =  8.592378586338787E-01;
A(   2,    8) =  4.508574947232482E-14;
A(   4,    8) =  4.000703654039974E-08;
A(   6,    8) =  4.000704685923640E-08;
A(   7,    8) =  3.476691281391731E-14;
A(   8,    8) = -4.000871478793317E-08;
A(   9,    8) =  1.633161783953466E-12;
A(   3,    9) =  2.048473014068534E-17;
A(   6,    9) =  7.940199493112706E-18;
A(   7,    9) =  1.254453064757263E-17;
A(   8,    9) =  1.283724891987231E-16;
A(   9,    9) = -1.926112910889755E-12;
A(  10,    9) =  1.925964053670415E-12;
A(   6,   10) =  1.650546923586022E+00;
A(  10,   10) = -8.252734617930111E-01;
A(  11,   11) = -3.887533261693494E+00;
A(  12,   11) =  1.974866896940295E+00;
A(  13,   11) =  1.912666364753199E+00;
A(   6,   12) =  1.694462948668308E+16;
A(  12,   12) = -8.472314743341539E+15;
A(   4,   13) =  1.565137451306062E-18;
A(   6,   13) =  4.171290530089865E-13;
A(   7,   13) =  4.171290530089865E-13;
A(   9,   13) =  1.565137451306062E-18;
A(  12,   13) =  9.776756356458915E-13;
A(  13,   13) = -1.766514254911512E-12;
A(  14,   13) =  3.717080011191831E-13;
A(  14,   14) = -1.454605546809151E-14;
A(  16,   14) =  1.454605546809151E-14;
A(   6,   15) =  1.555942259041162E-03;
A(   9,   15) =  1.555942259041162E-03;
A(  15,   15) = -5.019168577552136E-02;
A(  17,   15) =  4.863574351648019E-02;
A(   2,   16) =  1.431556952544933E-13;
A(   3,   16) =  8.923376535360311E-15;
A(   4,   16) =  7.600307762199719E-13;
A(   6,   16) =  1.628988143669444E-07;
A(   9,   16) =  1.628972943053920E-07;
A(  13,   16) =  8.923376535360311E-15;
A(  14,   16) =  1.431556952544933E-13;
A(  16,   16) = -1.629193669597524E-07;
A(  17,   16) =  2.116054451243068E-11;
A(   2,   17) =  5.178872640118420E-23;
A(   4,   17) =  3.526871677851498E-19;
A(   6,   17) =  3.814191207059461E-16;
A(   9,   17) =  1.882884408575506E-16;
A(  10,   17) =  1.931306798483955E-16;
A(  13,   17) =  3.526871677851498E-19;
A(  15,   17) =  5.178872640118420E-23;
A(  17,   17) = -2.357203902726472E-13;
A(  18,   17) =  2.353386184129847E-13;
A(  18,   18) = -3.431421685940347E+01;
A(  20,   18) =  3.431421685940347E+01;
A(   6,   20) =  7.379596487968242E-15;
A(  13,   20) =  7.379596487968242E-15;
A(  20,   20) = -1.580319339648704E-13;
A(  21,   20) =  1.506523374769022E-13;
N1 = zeros(21, 1);
N1(  1, 1) =  0.000000000000000E+00;
N1(  2, 1) =  9.293465367313274E-18;
N1(  3, 1) =  5.792933084252921E-19;
N1(  4, 1) =  4.934013665114421E-17;
N1(  5, 1) =  7.903528814010227E-23;
N1(  6, 1) =  1.057516109292582E-11;
N1(  7, 1) =  1.545728162090513E-28;
N1(  8, 1) =  1.339135577636364E-24;
N1(  9, 1) =  1.057506220741177E-11;
N1( 10, 1) =  5.848232147418375E-23;
N1( 11, 1) =  0.000000000000000E+00;
N1( 12, 1) =  6.685896561873578E-47;
N1( 13, 1) =  5.793845928889913E-19;
N1( 14, 1) =  9.293465460850100E-18;
N1( 15, 1) =  1.491141993473786E-28;
N1( 16, 1) =  3.611839157951085E-08;
N1( 17, 1) =  1.445158736109465E-07;
N1( 18, 1) =  9.911392171265653E-22;
N1( 19, 1) =  9.032223954169194E-02;
N1( 20, 1) =  6.111935815808501E-17;
N1( 21, 1) =  8.273603380514220E-27;
