
ZAI = [
666
0
];

NAMES = [
'lost            '
'total           '
];

iLOST    = 1;
iTOT     = 2;

MAT_fuelsalt_VOLUME = [ 1.36700E+07 1.36700E+07 1.36700E+07 1.36700E+07 1.36700E+07 1.36700E+07 1.36700E+07 1.36700E+07 1.36700E+07 1.36700E+07 1.36700E+07 1.36700E+07 1.36700E+07 1.36700E+07 1.36700E+07 1.36700E+07 1.36700E+07 1.36700E+07 1.36700E+07 1.36700E+07 1.36700E+07 1.36700E+07 1.36700E+07 1.36700E+07 1.36700E+07 1.36700E+07 1.36700E+07 1.36700E+07 1.36700E+07 1.36700E+07 1.36700E+07 1.36700E+07 1.36700E+07 1.36700E+07 1.36700E+07 1.36700E+07 1.36700E+07 1.36700E+07 1.36700E+07 1.36700E+07 1.36700E+07 1.36700E+07 1.36700E+07 1.36700E+07 1.36700E+07 1.36700E+07 1.36700E+07 1.36700E+07 1.36700E+07 1.36700E+07 1.36700E+07 1.36700E+07 1.36700E+07 1.36700E+07 1.36700E+07 1.36700E+07 1.36700E+07 1.36700E+07 1.36700E+07 1.36700E+07 1.36700E+07 1.36700E+07 1.36700E+07 1.36700E+07 1.36700E+07 1.36700E+07 1.36700E+07 1.36700E+07 1.36700E+07 1.36700E+07 1.36700E+07 1.36700E+07 ];

MAT_fuelsalt_BURNUP = [ 0.00000E+00 0.00000E+00 0.00000E+00 0.00000E+00 0.00000E+00 0.00000E+00 0.00000E+00 0.00000E+00 0.00000E+00 0.00000E+00 0.00000E+00 0.00000E+00 0.00000E+00 0.00000E+00 0.00000E+00 0.00000E+00 0.00000E+00 0.00000E+00 0.00000E+00 0.00000E+00 0.00000E+00 0.00000E+00 0.00000E+00 0.00000E+00 0.00000E+00 0.00000E+00 0.00000E+00 0.00000E+00 0.00000E+00 0.00000E+00 0.00000E+00 0.00000E+00 0.00000E+00 0.00000E+00 0.00000E+00 0.00000E+00 0.00000E+00 0.00000E+00 0.00000E+00 0.00000E+00 0.00000E+00 0.00000E+00 0.00000E+00 0.00000E+00 0.00000E+00 0.00000E+00 0.00000E+00 0.00000E+00 0.00000E+00 0.00000E+00 0.00000E+00 0.00000E+00 0.00000E+00 0.00000E+00 0.00000E+00 0.00000E+00 0.00000E+00 0.00000E+00 0.00000E+00 0.00000E+00 0.00000E+00 0.00000E+00 0.00000E+00 0.00000E+00 0.00000E+00 0.00000E+00 0.00000E+00 0.00000E+00 0.00000E+00 0.00000E+00 0.00000E+00 0.00000E+00 ];

MAT_fuelsalt_ADENS = [
0.00000E+00 5.00627E-17 9.99383E-17 2.39590E-15 7.18079E-15 1.67368E-14 3.34872E-14 5.02336E-14 6.69633E-14 8.37245E-14 1.00470E-13 1.17235E-13 1.33973E-13 1.50719E-13 1.67463E-13 1.84192E-13 2.00927E-13 2.17646E-13 2.34385E-13 2.51124E-13 2.67875E-13 2.84611E-13 3.01363E-13 3.18115E-13 3.34874E-13 3.51628E-13 3.68369E-13 3.85113E-13 4.56936E-13 5.28658E-13 6.00459E-13 6.72155E-13 7.43870E-13 8.15642E-13 8.87387E-13 9.59241E-13 1.03101E-12 1.10279E-12 1.17448E-12 1.24631E-12 1.31813E-12 1.38988E-12 1.46165E-12 1.53344E-12 1.60519E-12 1.67698E-12 1.74875E-12 1.82049E-12 1.89223E-12 1.96401E-12 2.03574E-12 2.10755E-12 2.17934E-12 2.25108E-12 2.32276E-12 2.39455E-12 2.46633E-12 2.53804E-12 2.60981E-12 2.68156E-12 2.75332E-12 2.82509E-12 2.89689E-12 2.96865E-12 3.04042E-12 3.11222E-12 3.18405E-12 3.25579E-12 3.32750E-12 3.39926E-12 3.47099E-12 3.54277E-12 % lost data
6.48302E-02 6.48302E-02 6.48302E-02 6.48302E-02 6.48302E-02 6.48302E-02 6.48302E-02 6.48302E-02 6.48302E-02 6.48302E-02 6.48302E-02 6.48302E-02 6.48302E-02 6.48302E-02 6.48302E-02 6.48302E-02 6.48302E-02 6.48302E-02 6.48302E-02 6.48302E-02 6.48302E-02 6.48302E-02 6.48302E-02 6.48302E-02 6.48302E-02 6.48302E-02 6.48302E-02 6.48302E-02 6.48302E-02 6.48302E-02 6.48302E-02 6.48302E-02 6.48302E-02 6.48302E-02 6.48302E-02 6.48302E-02 6.48302E-02 6.48302E-02 6.48302E-02 6.48302E-02 6.48302E-02 6.48302E-02 6.48302E-02 6.48302E-02 6.48302E-02 6.48302E-02 6.48302E-02 6.48302E-02 6.48302E-02 6.48302E-02 6.48302E-02 6.48302E-02 6.48302E-02 6.48302E-02 6.48302E-02 6.48302E-02 6.48302E-02 6.48302E-02 6.48302E-02 6.48302E-02 6.48302E-02 6.48302E-02 6.48302E-02 6.48302E-02 6.48302E-02 6.48302E-02 6.48302E-02 6.48302E-02 6.48302E-02 6.48302E-02 6.48302E-02 6.48302E-02 % total
];

MAT_fuelsalt_MDENS = [
0.00000E+00 0.00000E+00 0.00000E+00 0.00000E+00 0.00000E+00 0.00000E+00 0.00000E+00 0.00000E+00 0.00000E+00 0.00000E+00 0.00000E+00 0.00000E+00 0.00000E+00 0.00000E+00 0.00000E+00 0.00000E+00 0.00000E+00 0.00000E+00 0.00000E+00 0.00000E+00 0.00000E+00 0.00000E+00 0.00000E+00 0.00000E+00 0.00000E+00 0.00000E+00 0.00000E+00 0.00000E+00 0.00000E+00 0.00000E+00 0.00000E+00 0.00000E+00 0.00000E+00 0.00000E+00 0.00000E+00 0.00000E+00 0.00000E+00 0.00000E+00 0.00000E+00 0.00000E+00 0.00000E+00 0.00000E+00 0.00000E+00 0.00000E+00 0.00000E+00 0.00000E+00 0.00000E+00 0.00000E+00 0.00000E+00 0.00000E+00 0.00000E+00 0.00000E+00 0.00000E+00 0.00000E+00 0.00000E+00 0.00000E+00 0.00000E+00 0.00000E+00 0.00000E+00 0.00000E+00 0.00000E+00 0.00000E+00 0.00000E+00 0.00000E+00 0.00000E+00 0.00000E+00 0.00000E+00 0.00000E+00 0.00000E+00 0.00000E+00 0.00000E+00 0.00000E+00 % lost data
3.24053E+00 3.24052E+00 3.24052E+00 3.24052E+00 3.24052E+00 3.24052E+00 3.24052E+00 3.24052E+00 3.24052E+00 3.24052E+00 3.24052E+00 3.24052E+00 3.24052E+00 3.24052E+00 3.24052E+00 3.24052E+00 3.24052E+00 3.24052E+00 3.24052E+00 3.24052E+00 3.24052E+00 3.24052E+00 3.24052E+00 3.24052E+00 3.24052E+00 3.24052E+00 3.24052E+00 3.24052E+00 3.24052E+00 3.24052E+00 3.24052E+00 3.24052E+00 3.24052E+00 3.24052E+00 3.24052E+00 3.24052E+00 3.24052E+00 3.24052E+00 3.24052E+00 3.24052E+00 3.24052E+00 3.24052E+00 3.24052E+00 3.24052E+00 3.24052E+00 3.24052E+00 3.24052E+00 3.24052E+00 3.24052E+00 3.24052E+00 3.24052E+00 3.24052E+00 3.24052E+00 3.24052E+00 3.24052E+00 3.24052E+00 3.24052E+00 3.24052E+00 3.24052E+00 3.24052E+00 3.24052E+00 3.24052E+00 3.24052E+00 3.24052E+00 3.24052E+00 3.24052E+00 3.24052E+00 3.24052E+00 3.24052E+00 3.24052E+00 3.24052E+00 3.24052E+00 % total
];

MAT_fuelsalt_A = [
0.00000E+00 0.00000E+00 0.00000E+00 0.00000E+00 0.00000E+00 0.00000E+00 0.00000E+00 0.00000E+00 0.00000E+00 0.00000E+00 0.00000E+00 0.00000E+00 0.00000E+00 0.00000E+00 0.00000E+00 0.00000E+00 0.00000E+00 0.00000E+00 0.00000E+00 0.00000E+00 0.00000E+00 0.00000E+00 0.00000E+00 0.00000E+00 0.00000E+00 0.00000E+00 0.00000E+00 0.00000E+00 0.00000E+00 0.00000E+00 0.00000E+00 0.00000E+00 0.00000E+00 0.00000E+00 0.00000E+00 0.00000E+00 0.00000E+00 0.00000E+00 0.00000E+00 0.00000E+00 0.00000E+00 0.00000E+00 0.00000E+00 0.00000E+00 0.00000E+00 0.00000E+00 0.00000E+00 0.00000E+00 0.00000E+00 0.00000E+00 0.00000E+00 0.00000E+00 0.00000E+00 0.00000E+00 0.00000E+00 0.00000E+00 0.00000E+00 0.00000E+00 0.00000E+00 0.00000E+00 0.00000E+00 0.00000E+00 0.00000E+00 0.00000E+00 0.00000E+00 0.00000E+00 0.00000E+00 0.00000E+00 0.00000E+00 0.00000E+00 0.00000E+00 0.00000E+00 % lost data
1.53373E+12 5.50005E+19 5.60258E+19 5.61518E+19 5.60764E+19 5.60816E+19 5.60754E+19 5.60733E+19 5.60823E+19 5.60793E+19 5.60758E+19 5.60756E+19 5.60768E+19 5.60825E+19 5.60747E+19 5.60781E+19 5.60721E+19 5.60723E+19 5.60738E+19 5.60778E+19 5.60795E+19 5.60720E+19 5.60831E+19 5.60776E+19 5.60806E+19 5.60781E+19 5.60811E+19 5.60778E+19 5.60767E+19 5.60695E+19 5.60809E+19 5.60758E+19 5.60786E+19 5.60806E+19 5.60832E+19 5.60865E+19 5.60763E+19 5.60804E+19 5.60746E+19 5.60792E+19 5.60755E+19 5.60773E+19 5.60757E+19 5.60876E+19 5.60635E+19 5.60821E+19 5.60749E+19 5.60693E+19 5.60808E+19 5.60791E+19 5.60733E+19 5.60738E+19 5.60833E+19 5.60787E+19 5.60702E+19 5.60781E+19 5.60745E+19 5.60797E+19 5.60807E+19 5.60811E+19 5.60720E+19 5.60861E+19 5.60804E+19 5.60757E+19 5.60767E+19 5.60828E+19 5.60851E+19 5.60811E+19 5.60719E+19 5.60690E+19 5.60867E+19 5.60884E+19 % total
];

