
ZAI = [
666
0
];

NAMES = [
'lost            '
'total           '
];

iLOST    = 1;
iTOT     = 2;

MAT_fuelsalt_VOLUME = [ 1.36700E+07 1.36700E+07 1.36700E+07 1.36700E+07 1.36700E+07 1.36700E+07 1.36700E+07 1.36700E+07 1.36700E+07 1.36700E+07 1.36700E+07 1.36700E+07 1.36700E+07 1.36700E+07 1.36700E+07 1.36700E+07 1.36700E+07 1.36700E+07 1.36700E+07 1.36700E+07 1.36700E+07 1.36700E+07 1.36700E+07 1.36700E+07 1.36700E+07 1.36700E+07 1.36700E+07 1.36700E+07 1.36700E+07 1.36700E+07 1.36700E+07 1.36700E+07 1.36700E+07 1.36700E+07 1.36700E+07 1.36700E+07 1.36700E+07 1.36700E+07 1.36700E+07 1.36700E+07 1.36700E+07 1.36700E+07 1.36700E+07 1.36700E+07 1.36700E+07 1.36700E+07 1.36700E+07 1.36700E+07 1.36700E+07 1.36700E+07 1.36700E+07 1.36700E+07 1.36700E+07 1.36700E+07 1.36700E+07 1.36700E+07 1.36700E+07 1.36700E+07 1.36700E+07 1.36700E+07 1.36700E+07 1.36700E+07 1.36700E+07 1.36700E+07 1.36700E+07 1.36700E+07 1.36700E+07 1.36700E+07 1.36700E+07 1.36700E+07 1.36700E+07 1.36700E+07 ];

MAT_fuelsalt_BURNUP = [ 0.00000E+00 0.00000E+00 0.00000E+00 0.00000E+00 0.00000E+00 0.00000E+00 0.00000E+00 0.00000E+00 0.00000E+00 0.00000E+00 0.00000E+00 0.00000E+00 0.00000E+00 0.00000E+00 0.00000E+00 0.00000E+00 0.00000E+00 0.00000E+00 0.00000E+00 0.00000E+00 0.00000E+00 0.00000E+00 0.00000E+00 0.00000E+00 0.00000E+00 0.00000E+00 0.00000E+00 0.00000E+00 0.00000E+00 0.00000E+00 0.00000E+00 0.00000E+00 0.00000E+00 0.00000E+00 0.00000E+00 0.00000E+00 0.00000E+00 0.00000E+00 0.00000E+00 0.00000E+00 0.00000E+00 0.00000E+00 0.00000E+00 0.00000E+00 0.00000E+00 0.00000E+00 0.00000E+00 0.00000E+00 0.00000E+00 0.00000E+00 0.00000E+00 0.00000E+00 0.00000E+00 0.00000E+00 0.00000E+00 0.00000E+00 0.00000E+00 0.00000E+00 0.00000E+00 0.00000E+00 0.00000E+00 0.00000E+00 0.00000E+00 0.00000E+00 0.00000E+00 0.00000E+00 0.00000E+00 0.00000E+00 0.00000E+00 0.00000E+00 0.00000E+00 0.00000E+00 ];

MAT_fuelsalt_ADENS = [
0.00000E+00 4.99255E-17 9.97844E-17 2.40813E-15 7.19099E-15 1.67551E-14 3.35252E-14 5.02662E-14 6.70140E-14 8.37703E-14 1.00510E-13 1.17260E-13 1.33995E-13 1.50746E-13 1.67498E-13 1.84252E-13 2.01006E-13 2.17740E-13 2.34474E-13 2.51227E-13 2.67967E-13 2.84709E-13 3.01455E-13 3.18191E-13 3.34947E-13 3.51702E-13 3.68456E-13 3.85193E-13 4.56951E-13 5.28666E-13 6.00376E-13 6.72066E-13 7.43905E-13 8.15713E-13 8.87469E-13 9.59291E-13 1.03108E-12 1.10286E-12 1.17460E-12 1.24639E-12 1.31817E-12 1.38996E-12 1.46174E-12 1.53347E-12 1.60516E-12 1.67700E-12 1.74882E-12 1.82059E-12 1.89236E-12 1.96412E-12 2.03589E-12 2.10766E-12 2.17940E-12 2.25121E-12 2.32300E-12 2.39476E-12 2.46657E-12 2.53833E-12 2.61004E-12 2.68187E-12 2.75373E-12 2.82555E-12 2.89735E-12 2.96914E-12 3.04091E-12 3.11266E-12 3.18443E-12 3.25613E-12 3.32788E-12 3.39967E-12 3.47146E-12 3.54319E-12 % lost data
6.48302E-02 6.48302E-02 6.48302E-02 6.48302E-02 6.48302E-02 6.48302E-02 6.48302E-02 6.48302E-02 6.48302E-02 6.48302E-02 6.48302E-02 6.48302E-02 6.48302E-02 6.48302E-02 6.48302E-02 6.48302E-02 6.48302E-02 6.48302E-02 6.48302E-02 6.48302E-02 6.48302E-02 6.48302E-02 6.48302E-02 6.48302E-02 6.48302E-02 6.48302E-02 6.48302E-02 6.48302E-02 6.48302E-02 6.48302E-02 6.48302E-02 6.48302E-02 6.48302E-02 6.48302E-02 6.48302E-02 6.48302E-02 6.48302E-02 6.48302E-02 6.48302E-02 6.48302E-02 6.48302E-02 6.48302E-02 6.48302E-02 6.48302E-02 6.48302E-02 6.48302E-02 6.48302E-02 6.48302E-02 6.48302E-02 6.48302E-02 6.48302E-02 6.48302E-02 6.48302E-02 6.48302E-02 6.48302E-02 6.48302E-02 6.48302E-02 6.48302E-02 6.48302E-02 6.48302E-02 6.48302E-02 6.48302E-02 6.48302E-02 6.48302E-02 6.48302E-02 6.48302E-02 6.48302E-02 6.48302E-02 6.48302E-02 6.48302E-02 6.48302E-02 6.48302E-02 % total
];

MAT_fuelsalt_MDENS = [
0.00000E+00 0.00000E+00 0.00000E+00 0.00000E+00 0.00000E+00 0.00000E+00 0.00000E+00 0.00000E+00 0.00000E+00 0.00000E+00 0.00000E+00 0.00000E+00 0.00000E+00 0.00000E+00 0.00000E+00 0.00000E+00 0.00000E+00 0.00000E+00 0.00000E+00 0.00000E+00 0.00000E+00 0.00000E+00 0.00000E+00 0.00000E+00 0.00000E+00 0.00000E+00 0.00000E+00 0.00000E+00 0.00000E+00 0.00000E+00 0.00000E+00 0.00000E+00 0.00000E+00 0.00000E+00 0.00000E+00 0.00000E+00 0.00000E+00 0.00000E+00 0.00000E+00 0.00000E+00 0.00000E+00 0.00000E+00 0.00000E+00 0.00000E+00 0.00000E+00 0.00000E+00 0.00000E+00 0.00000E+00 0.00000E+00 0.00000E+00 0.00000E+00 0.00000E+00 0.00000E+00 0.00000E+00 0.00000E+00 0.00000E+00 0.00000E+00 0.00000E+00 0.00000E+00 0.00000E+00 0.00000E+00 0.00000E+00 0.00000E+00 0.00000E+00 0.00000E+00 0.00000E+00 0.00000E+00 0.00000E+00 0.00000E+00 0.00000E+00 0.00000E+00 0.00000E+00 % lost data
3.24052E+00 3.24052E+00 3.24052E+00 3.24051E+00 3.24051E+00 3.24051E+00 3.24051E+00 3.24051E+00 3.24051E+00 3.24051E+00 3.24051E+00 3.24051E+00 3.24051E+00 3.24051E+00 3.24051E+00 3.24051E+00 3.24051E+00 3.24051E+00 3.24051E+00 3.24051E+00 3.24051E+00 3.24051E+00 3.24051E+00 3.24051E+00 3.24051E+00 3.24051E+00 3.24051E+00 3.24051E+00 3.24051E+00 3.24051E+00 3.24051E+00 3.24051E+00 3.24051E+00 3.24051E+00 3.24051E+00 3.24051E+00 3.24051E+00 3.24051E+00 3.24051E+00 3.24051E+00 3.24051E+00 3.24051E+00 3.24051E+00 3.24051E+00 3.24051E+00 3.24051E+00 3.24051E+00 3.24051E+00 3.24051E+00 3.24051E+00 3.24051E+00 3.24051E+00 3.24051E+00 3.24051E+00 3.24051E+00 3.24051E+00 3.24051E+00 3.24051E+00 3.24051E+00 3.24051E+00 3.24051E+00 3.24051E+00 3.24051E+00 3.24051E+00 3.24051E+00 3.24051E+00 3.24051E+00 3.24051E+00 3.24051E+00 3.24051E+00 3.24051E+00 3.24051E+00 % total
];

MAT_fuelsalt_A = [
0.00000E+00 0.00000E+00 0.00000E+00 0.00000E+00 0.00000E+00 0.00000E+00 0.00000E+00 0.00000E+00 0.00000E+00 0.00000E+00 0.00000E+00 0.00000E+00 0.00000E+00 0.00000E+00 0.00000E+00 0.00000E+00 0.00000E+00 0.00000E+00 0.00000E+00 0.00000E+00 0.00000E+00 0.00000E+00 0.00000E+00 0.00000E+00 0.00000E+00 0.00000E+00 0.00000E+00 0.00000E+00 0.00000E+00 0.00000E+00 0.00000E+00 0.00000E+00 0.00000E+00 0.00000E+00 0.00000E+00 0.00000E+00 0.00000E+00 0.00000E+00 0.00000E+00 0.00000E+00 0.00000E+00 0.00000E+00 0.00000E+00 0.00000E+00 0.00000E+00 0.00000E+00 0.00000E+00 0.00000E+00 0.00000E+00 0.00000E+00 0.00000E+00 0.00000E+00 0.00000E+00 0.00000E+00 0.00000E+00 0.00000E+00 0.00000E+00 0.00000E+00 0.00000E+00 0.00000E+00 0.00000E+00 0.00000E+00 0.00000E+00 0.00000E+00 0.00000E+00 0.00000E+00 0.00000E+00 0.00000E+00 0.00000E+00 0.00000E+00 0.00000E+00 0.00000E+00 % lost data
1.53631E+12 6.19344E+19 6.78913E+19 7.36512E+19 7.30240E+19 7.30380E+19 7.30458E+19 7.30259E+19 7.30342E+19 7.30313E+19 7.30218E+19 7.30359E+19 7.30349E+19 7.30240E+19 7.30258E+19 7.30261E+19 7.30203E+19 7.30392E+19 7.30121E+19 7.30273E+19 7.30114E+19 7.30152E+19 7.30300E+19 7.30116E+19 7.30207E+19 7.30377E+19 7.30433E+19 7.30166E+19 7.30233E+19 7.30380E+19 7.30296E+19 7.30146E+19 7.30366E+19 7.30316E+19 7.30349E+19 7.30395E+19 7.30261E+19 7.30450E+19 7.30258E+19 7.30223E+19 7.30220E+19 7.30314E+19 7.30279E+19 7.30275E+19 7.30217E+19 7.30186E+19 7.30169E+19 7.30329E+19 7.30294E+19 7.30337E+19 7.30202E+19 7.30347E+19 7.30349E+19 7.30266E+19 7.30344E+19 7.30170E+19 7.30270E+19 7.30049E+19 7.30132E+19 7.30244E+19 7.30081E+19 7.30229E+19 7.30151E+19 7.30353E+19 7.30270E+19 7.30282E+19 7.30328E+19 7.30388E+19 7.30226E+19 7.30228E+19 7.30409E+19 7.30232E+19 % total
];

