
ZAI = [
666
0
];

NAMES = [
'lost            '
'total           '
];

iLOST    = 1;
iTOT     = 2;

MAT_fuelsalt_VOLUME = [ 1.36700E+07 1.36700E+07 1.36700E+07 1.36700E+07 1.36700E+07 1.36700E+07 1.36700E+07 1.36700E+07 1.36700E+07 1.36700E+07 1.36700E+07 1.36700E+07 1.36700E+07 1.36700E+07 1.36700E+07 1.36700E+07 1.36700E+07 1.36700E+07 1.36700E+07 1.36700E+07 1.36700E+07 1.36700E+07 1.36700E+07 1.36700E+07 1.36700E+07 1.36700E+07 1.36700E+07 1.36700E+07 1.36700E+07 1.36700E+07 1.36700E+07 1.36700E+07 1.36700E+07 1.36700E+07 1.36700E+07 1.36700E+07 1.36700E+07 1.36700E+07 1.36700E+07 1.36700E+07 1.36700E+07 1.36700E+07 1.36700E+07 1.36700E+07 1.36700E+07 1.36700E+07 1.36700E+07 1.36700E+07 1.36700E+07 1.36700E+07 1.36700E+07 1.36700E+07 1.36700E+07 1.36700E+07 1.36700E+07 1.36700E+07 1.36700E+07 1.36700E+07 1.36700E+07 1.36700E+07 1.36700E+07 1.36700E+07 1.36700E+07 1.36700E+07 1.36700E+07 1.36700E+07 1.36700E+07 1.36700E+07 1.36700E+07 1.36700E+07 1.36700E+07 1.36700E+07 ];

MAT_fuelsalt_BURNUP = [ 0.00000E+00 0.00000E+00 0.00000E+00 0.00000E+00 0.00000E+00 0.00000E+00 0.00000E+00 0.00000E+00 0.00000E+00 0.00000E+00 0.00000E+00 0.00000E+00 0.00000E+00 0.00000E+00 0.00000E+00 0.00000E+00 0.00000E+00 0.00000E+00 0.00000E+00 0.00000E+00 0.00000E+00 0.00000E+00 0.00000E+00 0.00000E+00 0.00000E+00 0.00000E+00 0.00000E+00 0.00000E+00 0.00000E+00 0.00000E+00 0.00000E+00 0.00000E+00 0.00000E+00 0.00000E+00 0.00000E+00 0.00000E+00 0.00000E+00 0.00000E+00 0.00000E+00 0.00000E+00 0.00000E+00 0.00000E+00 0.00000E+00 0.00000E+00 0.00000E+00 0.00000E+00 0.00000E+00 0.00000E+00 0.00000E+00 0.00000E+00 0.00000E+00 0.00000E+00 0.00000E+00 0.00000E+00 0.00000E+00 0.00000E+00 0.00000E+00 0.00000E+00 0.00000E+00 0.00000E+00 0.00000E+00 0.00000E+00 0.00000E+00 0.00000E+00 0.00000E+00 0.00000E+00 0.00000E+00 0.00000E+00 0.00000E+00 0.00000E+00 0.00000E+00 0.00000E+00 ];

MAT_fuelsalt_ADENS = [
0.00000E+00 4.98127E-17 9.96001E-17 2.39616E-15 7.18643E-15 1.67657E-14 3.35246E-14 5.02103E-14 6.68299E-14 8.33868E-14 9.98656E-14 1.16276E-13 1.32593E-13 1.48839E-13 1.65033E-13 1.81132E-13 1.97144E-13 2.13091E-13 2.28969E-13 2.44785E-13 2.60507E-13 2.76174E-13 2.91778E-13 3.07315E-13 3.22813E-13 3.38261E-13 3.53650E-13 3.68969E-13 4.34331E-13 4.98865E-13 5.62602E-13 6.25596E-13 6.87928E-13 7.49650E-13 8.10875E-13 8.71642E-13 9.32003E-13 9.91986E-13 1.05164E-12 1.11098E-12 1.16998E-12 1.22879E-12 1.28737E-12 1.34563E-12 1.40369E-12 1.46147E-12 1.51908E-12 1.57662E-12 1.63399E-12 1.69118E-12 1.74826E-12 1.80519E-12 1.86199E-12 1.91872E-12 1.97538E-12 2.03188E-12 2.08830E-12 2.14471E-12 2.20101E-12 2.25724E-12 2.31335E-12 2.36946E-12 2.42546E-12 2.48145E-12 2.53739E-12 2.59323E-12 2.64920E-12 2.70503E-12 2.76081E-12 2.81655E-12 2.87225E-12 2.92798E-12 % lost data
6.48302E-02 6.48302E-02 6.48302E-02 6.48303E-02 6.48306E-02 6.48310E-02 6.48318E-02 6.48325E-02 6.48333E-02 6.48340E-02 6.48347E-02 6.48355E-02 6.48362E-02 6.48369E-02 6.48377E-02 6.48384E-02 6.48391E-02 6.48398E-02 6.48405E-02 6.48412E-02 6.48419E-02 6.48426E-02 6.48433E-02 6.48440E-02 6.48447E-02 6.48454E-02 6.48461E-02 6.48468E-02 6.48497E-02 6.48525E-02 6.48553E-02 6.48581E-02 6.48608E-02 6.48634E-02 6.48660E-02 6.48685E-02 6.48710E-02 6.48735E-02 6.48759E-02 6.48782E-02 6.48806E-02 6.48828E-02 6.48850E-02 6.48872E-02 6.48894E-02 6.48915E-02 6.48935E-02 6.48955E-02 6.48975E-02 6.48995E-02 6.49014E-02 6.49032E-02 6.49051E-02 6.49069E-02 6.49087E-02 6.49104E-02 6.49121E-02 6.49138E-02 6.49154E-02 6.49170E-02 6.49186E-02 6.49201E-02 6.49216E-02 6.49231E-02 6.49246E-02 6.49260E-02 6.49274E-02 6.49288E-02 6.49301E-02 6.49315E-02 6.49328E-02 6.49340E-02 % total
];

MAT_fuelsalt_MDENS = [
0.00000E+00 0.00000E+00 0.00000E+00 0.00000E+00 0.00000E+00 0.00000E+00 0.00000E+00 0.00000E+00 0.00000E+00 0.00000E+00 0.00000E+00 0.00000E+00 0.00000E+00 0.00000E+00 0.00000E+00 0.00000E+00 0.00000E+00 0.00000E+00 0.00000E+00 0.00000E+00 0.00000E+00 0.00000E+00 0.00000E+00 0.00000E+00 0.00000E+00 0.00000E+00 0.00000E+00 0.00000E+00 0.00000E+00 0.00000E+00 0.00000E+00 0.00000E+00 0.00000E+00 0.00000E+00 0.00000E+00 0.00000E+00 0.00000E+00 0.00000E+00 0.00000E+00 0.00000E+00 0.00000E+00 0.00000E+00 0.00000E+00 0.00000E+00 0.00000E+00 0.00000E+00 0.00000E+00 0.00000E+00 0.00000E+00 0.00000E+00 0.00000E+00 0.00000E+00 0.00000E+00 0.00000E+00 0.00000E+00 0.00000E+00 0.00000E+00 0.00000E+00 0.00000E+00 0.00000E+00 0.00000E+00 0.00000E+00 0.00000E+00 0.00000E+00 0.00000E+00 0.00000E+00 0.00000E+00 0.00000E+00 0.00000E+00 0.00000E+00 0.00000E+00 0.00000E+00 % lost data
3.24053E+00 3.24053E+00 3.24053E+00 3.24052E+00 3.24052E+00 3.24050E+00 3.24046E+00 3.24042E+00 3.24039E+00 3.24035E+00 3.24031E+00 3.24027E+00 3.24024E+00 3.24020E+00 3.24016E+00 3.24013E+00 3.24009E+00 3.24005E+00 3.24002E+00 3.23998E+00 3.23995E+00 3.23991E+00 3.23988E+00 3.23984E+00 3.23981E+00 3.23977E+00 3.23974E+00 3.23970E+00 3.23955E+00 3.23941E+00 3.23927E+00 3.23913E+00 3.23899E+00 3.23886E+00 3.23873E+00 3.23860E+00 3.23847E+00 3.23835E+00 3.23823E+00 3.23812E+00 3.23800E+00 3.23789E+00 3.23778E+00 3.23767E+00 3.23757E+00 3.23746E+00 3.23736E+00 3.23726E+00 3.23717E+00 3.23707E+00 3.23698E+00 3.23689E+00 3.23680E+00 3.23671E+00 3.23662E+00 3.23654E+00 3.23646E+00 3.23638E+00 3.23630E+00 3.23622E+00 3.23615E+00 3.23607E+00 3.23600E+00 3.23593E+00 3.23586E+00 3.23579E+00 3.23572E+00 3.23566E+00 3.23559E+00 3.23553E+00 3.23547E+00 3.23541E+00 % total
];

MAT_fuelsalt_A = [
0.00000E+00 0.00000E+00 0.00000E+00 0.00000E+00 0.00000E+00 0.00000E+00 0.00000E+00 0.00000E+00 0.00000E+00 0.00000E+00 0.00000E+00 0.00000E+00 0.00000E+00 0.00000E+00 0.00000E+00 0.00000E+00 0.00000E+00 0.00000E+00 0.00000E+00 0.00000E+00 0.00000E+00 0.00000E+00 0.00000E+00 0.00000E+00 0.00000E+00 0.00000E+00 0.00000E+00 0.00000E+00 0.00000E+00 0.00000E+00 0.00000E+00 0.00000E+00 0.00000E+00 0.00000E+00 0.00000E+00 0.00000E+00 0.00000E+00 0.00000E+00 0.00000E+00 0.00000E+00 0.00000E+00 0.00000E+00 0.00000E+00 0.00000E+00 0.00000E+00 0.00000E+00 0.00000E+00 0.00000E+00 0.00000E+00 0.00000E+00 0.00000E+00 0.00000E+00 0.00000E+00 0.00000E+00 0.00000E+00 0.00000E+00 0.00000E+00 0.00000E+00 0.00000E+00 0.00000E+00 0.00000E+00 0.00000E+00 0.00000E+00 0.00000E+00 0.00000E+00 0.00000E+00 0.00000E+00 0.00000E+00 0.00000E+00 0.00000E+00 0.00000E+00 0.00000E+00 % lost data
1.53373E+12 6.35426E+19 7.12795E+19 9.07961E+19 9.74508E+19 1.02366E+20 1.06414E+20 1.08760E+20 1.10431E+20 1.11739E+20 1.12805E+20 1.13670E+20 1.14335E+20 1.14851E+20 1.15312E+20 1.15667E+20 1.15937E+20 1.16165E+20 1.16379E+20 1.16490E+20 1.16645E+20 1.16681E+20 1.16779E+20 1.16824E+20 1.16821E+20 1.16842E+20 1.16888E+20 1.16881E+20 1.18345E+20 1.18068E+20 1.17835E+20 1.17522E+20 1.17240E+20 1.17008E+20 1.16738E+20 1.16559E+20 1.16285E+20 1.16092E+20 1.15896E+20 1.15711E+20 1.15562E+20 1.15393E+20 1.15208E+20 1.15093E+20 1.14930E+20 1.14835E+20 1.14689E+20 1.14640E+20 1.14488E+20 1.14373E+20 1.14303E+20 1.14150E+20 1.14065E+20 1.13978E+20 1.13938E+20 1.13829E+20 1.13791E+20 1.13694E+20 1.13629E+20 1.13551E+20 1.13519E+20 1.13441E+20 1.13403E+20 1.13346E+20 1.13302E+20 1.13254E+20 1.13189E+20 1.13186E+20 1.13083E+20 1.13051E+20 1.13027E+20 1.12961E+20 % total
];

