
ZAI = [
666
0
];

NAMES = [
'lost            '
'total           '
];

iLOST    = 1;
iTOT     = 2;

MAT_fuelsalt_VOLUME = [ 1.36700E+07 1.36700E+07 1.36700E+07 1.36700E+07 1.36700E+07 1.36700E+07 1.36700E+07 1.36700E+07 1.36700E+07 1.36700E+07 1.36700E+07 1.36700E+07 1.36700E+07 1.36700E+07 1.36700E+07 1.36700E+07 1.36700E+07 1.36700E+07 1.36700E+07 1.36700E+07 1.36700E+07 1.36700E+07 1.36700E+07 1.36700E+07 1.36700E+07 1.36700E+07 1.36700E+07 1.36700E+07 1.36700E+07 1.36700E+07 1.36700E+07 1.36700E+07 1.36700E+07 1.36700E+07 1.36700E+07 1.36700E+07 1.36700E+07 1.36700E+07 1.36700E+07 1.36700E+07 1.36700E+07 1.36700E+07 1.36700E+07 1.36700E+07 1.36700E+07 1.36700E+07 1.36700E+07 1.36700E+07 1.36700E+07 1.36700E+07 1.36700E+07 1.36700E+07 1.36700E+07 1.36700E+07 1.36700E+07 1.36700E+07 1.36700E+07 1.36700E+07 1.36700E+07 1.36700E+07 1.36700E+07 1.36700E+07 1.36700E+07 1.36700E+07 1.36700E+07 1.36700E+07 1.36700E+07 1.36700E+07 1.36700E+07 1.36700E+07 1.36700E+07 1.36700E+07 ];

MAT_fuelsalt_BURNUP = [ 0.00000E+00 0.00000E+00 0.00000E+00 0.00000E+00 0.00000E+00 0.00000E+00 0.00000E+00 0.00000E+00 0.00000E+00 0.00000E+00 0.00000E+00 0.00000E+00 0.00000E+00 0.00000E+00 0.00000E+00 0.00000E+00 0.00000E+00 0.00000E+00 0.00000E+00 0.00000E+00 0.00000E+00 0.00000E+00 0.00000E+00 0.00000E+00 0.00000E+00 0.00000E+00 0.00000E+00 0.00000E+00 0.00000E+00 0.00000E+00 0.00000E+00 0.00000E+00 0.00000E+00 0.00000E+00 0.00000E+00 0.00000E+00 0.00000E+00 0.00000E+00 0.00000E+00 0.00000E+00 0.00000E+00 0.00000E+00 0.00000E+00 0.00000E+00 0.00000E+00 0.00000E+00 0.00000E+00 0.00000E+00 0.00000E+00 0.00000E+00 0.00000E+00 0.00000E+00 0.00000E+00 0.00000E+00 0.00000E+00 0.00000E+00 0.00000E+00 0.00000E+00 0.00000E+00 0.00000E+00 0.00000E+00 0.00000E+00 0.00000E+00 0.00000E+00 0.00000E+00 0.00000E+00 0.00000E+00 0.00000E+00 0.00000E+00 0.00000E+00 0.00000E+00 0.00000E+00 ];

MAT_fuelsalt_ADENS = [
0.00000E+00 4.98972E-17 9.96957E-17 2.39602E-15 7.18917E-15 1.67697E-14 3.35232E-14 5.02219E-14 6.68531E-14 8.34059E-14 9.98898E-14 1.16312E-13 1.32618E-13 1.48877E-13 1.65034E-13 1.81128E-13 1.97164E-13 2.13109E-13 2.28955E-13 2.44746E-13 2.60510E-13 2.76201E-13 2.91825E-13 3.07374E-13 3.22866E-13 3.38267E-13 3.53635E-13 3.68965E-13 4.34364E-13 4.98971E-13 5.62682E-13 6.25650E-13 6.88042E-13 7.49876E-13 8.11150E-13 8.71918E-13 9.32264E-13 9.92201E-13 1.05186E-12 1.11111E-12 1.17007E-12 1.22891E-12 1.28743E-12 1.34568E-12 1.40372E-12 1.46157E-12 1.51915E-12 1.57668E-12 1.63398E-12 1.69118E-12 1.74827E-12 1.80518E-12 1.86201E-12 1.91872E-12 1.97532E-12 2.03181E-12 2.08825E-12 2.14455E-12 2.20086E-12 2.25706E-12 2.31324E-12 2.36930E-12 2.42537E-12 2.48134E-12 2.53732E-12 2.59323E-12 2.64902E-12 2.70475E-12 2.76047E-12 2.81622E-12 2.87193E-12 2.92757E-12 % lost data
6.48302E-02 6.48302E-02 6.48302E-02 6.48303E-02 6.48306E-02 6.48310E-02 6.48318E-02 6.48325E-02 6.48333E-02 6.48340E-02 6.48347E-02 6.48355E-02 6.48362E-02 6.48369E-02 6.48377E-02 6.48384E-02 6.48391E-02 6.48398E-02 6.48405E-02 6.48412E-02 6.48419E-02 6.48426E-02 6.48433E-02 6.48440E-02 6.48447E-02 6.48454E-02 6.48461E-02 6.48468E-02 6.48497E-02 6.48525E-02 6.48553E-02 6.48581E-02 6.48608E-02 6.48634E-02 6.48660E-02 6.48685E-02 6.48710E-02 6.48735E-02 6.48759E-02 6.48782E-02 6.48806E-02 6.48828E-02 6.48850E-02 6.48872E-02 6.48894E-02 6.48915E-02 6.48935E-02 6.48955E-02 6.48975E-02 6.48995E-02 6.49014E-02 6.49032E-02 6.49051E-02 6.49069E-02 6.49087E-02 6.49104E-02 6.49121E-02 6.49138E-02 6.49154E-02 6.49170E-02 6.49186E-02 6.49201E-02 6.49216E-02 6.49231E-02 6.49246E-02 6.49260E-02 6.49274E-02 6.49288E-02 6.49301E-02 6.49315E-02 6.49328E-02 6.49340E-02 % total
];

MAT_fuelsalt_MDENS = [
0.00000E+00 0.00000E+00 0.00000E+00 0.00000E+00 0.00000E+00 0.00000E+00 0.00000E+00 0.00000E+00 0.00000E+00 0.00000E+00 0.00000E+00 0.00000E+00 0.00000E+00 0.00000E+00 0.00000E+00 0.00000E+00 0.00000E+00 0.00000E+00 0.00000E+00 0.00000E+00 0.00000E+00 0.00000E+00 0.00000E+00 0.00000E+00 0.00000E+00 0.00000E+00 0.00000E+00 0.00000E+00 0.00000E+00 0.00000E+00 0.00000E+00 0.00000E+00 0.00000E+00 0.00000E+00 0.00000E+00 0.00000E+00 0.00000E+00 0.00000E+00 0.00000E+00 0.00000E+00 0.00000E+00 0.00000E+00 0.00000E+00 0.00000E+00 0.00000E+00 0.00000E+00 0.00000E+00 0.00000E+00 0.00000E+00 0.00000E+00 0.00000E+00 0.00000E+00 0.00000E+00 0.00000E+00 0.00000E+00 0.00000E+00 0.00000E+00 0.00000E+00 0.00000E+00 0.00000E+00 0.00000E+00 0.00000E+00 0.00000E+00 0.00000E+00 0.00000E+00 0.00000E+00 0.00000E+00 0.00000E+00 0.00000E+00 0.00000E+00 0.00000E+00 0.00000E+00 % lost data
3.24053E+00 3.24053E+00 3.24053E+00 3.24052E+00 3.24052E+00 3.24050E+00 3.24046E+00 3.24042E+00 3.24039E+00 3.24035E+00 3.24031E+00 3.24027E+00 3.24024E+00 3.24020E+00 3.24016E+00 3.24013E+00 3.24009E+00 3.24005E+00 3.24002E+00 3.23998E+00 3.23995E+00 3.23991E+00 3.23988E+00 3.23984E+00 3.23981E+00 3.23977E+00 3.23974E+00 3.23970E+00 3.23955E+00 3.23941E+00 3.23927E+00 3.23913E+00 3.23899E+00 3.23886E+00 3.23873E+00 3.23860E+00 3.23847E+00 3.23835E+00 3.23823E+00 3.23812E+00 3.23800E+00 3.23789E+00 3.23778E+00 3.23767E+00 3.23757E+00 3.23746E+00 3.23736E+00 3.23726E+00 3.23717E+00 3.23707E+00 3.23698E+00 3.23689E+00 3.23680E+00 3.23671E+00 3.23662E+00 3.23654E+00 3.23646E+00 3.23638E+00 3.23630E+00 3.23622E+00 3.23615E+00 3.23607E+00 3.23600E+00 3.23593E+00 3.23586E+00 3.23579E+00 3.23572E+00 3.23566E+00 3.23559E+00 3.23553E+00 3.23547E+00 3.23541E+00 % total
];

MAT_fuelsalt_A = [
0.00000E+00 0.00000E+00 0.00000E+00 0.00000E+00 0.00000E+00 0.00000E+00 0.00000E+00 0.00000E+00 0.00000E+00 0.00000E+00 0.00000E+00 0.00000E+00 0.00000E+00 0.00000E+00 0.00000E+00 0.00000E+00 0.00000E+00 0.00000E+00 0.00000E+00 0.00000E+00 0.00000E+00 0.00000E+00 0.00000E+00 0.00000E+00 0.00000E+00 0.00000E+00 0.00000E+00 0.00000E+00 0.00000E+00 0.00000E+00 0.00000E+00 0.00000E+00 0.00000E+00 0.00000E+00 0.00000E+00 0.00000E+00 0.00000E+00 0.00000E+00 0.00000E+00 0.00000E+00 0.00000E+00 0.00000E+00 0.00000E+00 0.00000E+00 0.00000E+00 0.00000E+00 0.00000E+00 0.00000E+00 0.00000E+00 0.00000E+00 0.00000E+00 0.00000E+00 0.00000E+00 0.00000E+00 0.00000E+00 0.00000E+00 0.00000E+00 0.00000E+00 0.00000E+00 0.00000E+00 0.00000E+00 0.00000E+00 0.00000E+00 0.00000E+00 0.00000E+00 0.00000E+00 0.00000E+00 0.00000E+00 0.00000E+00 0.00000E+00 0.00000E+00 0.00000E+00 % lost data
1.53373E+12 6.35423E+19 7.12685E+19 9.08053E+19 9.74623E+19 1.02409E+20 1.06410E+20 1.08754E+20 1.10457E+20 1.11789E+20 1.12796E+20 1.13645E+20 1.14301E+20 1.14890E+20 1.15290E+20 1.15636E+20 1.15906E+20 1.16194E+20 1.16369E+20 1.16493E+20 1.16632E+20 1.16693E+20 1.16779E+20 1.16799E+20 1.16813E+20 1.16826E+20 1.16858E+20 1.16873E+20 1.18316E+20 1.18091E+20 1.17770E+20 1.17488E+20 1.17278E+20 1.16994E+20 1.16737E+20 1.16534E+20 1.16273E+20 1.16107E+20 1.15911E+20 1.15708E+20 1.15588E+20 1.15401E+20 1.15220E+20 1.15107E+20 1.14961E+20 1.14866E+20 1.14772E+20 1.14574E+20 1.14475E+20 1.14353E+20 1.14256E+20 1.14192E+20 1.14064E+20 1.14013E+20 1.13946E+20 1.13872E+20 1.13792E+20 1.13707E+20 1.13658E+20 1.13572E+20 1.13503E+20 1.13465E+20 1.13348E+20 1.13333E+20 1.13317E+20 1.13232E+20 1.13223E+20 1.13148E+20 1.13151E+20 1.13078E+20 1.12972E+20 1.12965E+20 % total
];

