
ZAI = [
666
0
];

NAMES = [
'lost            '
'total           '
];

iLOST    = 1;
iTOT     = 2;

MAT_fuelsalt_VOLUME = [ 1.36700E+07 1.36700E+07 1.36700E+07 1.36700E+07 1.36700E+07 1.36700E+07 1.36700E+07 1.36700E+07 1.36700E+07 1.36700E+07 1.36700E+07 1.36700E+07 1.36700E+07 1.36700E+07 1.36700E+07 1.36700E+07 1.36700E+07 1.36700E+07 1.36700E+07 1.36700E+07 1.36700E+07 1.36700E+07 1.36700E+07 1.36700E+07 1.36700E+07 1.36700E+07 1.36700E+07 1.36700E+07 1.36700E+07 1.36700E+07 1.36700E+07 1.36700E+07 1.36700E+07 1.36700E+07 1.36700E+07 1.36700E+07 1.36700E+07 1.36700E+07 1.36700E+07 1.36700E+07 1.36700E+07 1.36700E+07 1.36700E+07 1.36700E+07 1.36700E+07 1.36700E+07 1.36700E+07 1.36700E+07 1.36700E+07 1.36700E+07 1.36700E+07 1.36700E+07 1.36700E+07 1.36700E+07 1.36700E+07 1.36700E+07 1.36700E+07 1.36700E+07 1.36700E+07 1.36700E+07 1.36700E+07 1.36700E+07 1.36700E+07 1.36700E+07 1.36700E+07 1.36700E+07 1.36700E+07 1.36700E+07 1.36700E+07 1.36700E+07 1.36700E+07 1.36700E+07 ];

MAT_fuelsalt_BURNUP = [ 0.00000E+00 0.00000E+00 0.00000E+00 0.00000E+00 0.00000E+00 0.00000E+00 0.00000E+00 0.00000E+00 0.00000E+00 0.00000E+00 0.00000E+00 0.00000E+00 0.00000E+00 0.00000E+00 0.00000E+00 0.00000E+00 0.00000E+00 0.00000E+00 0.00000E+00 0.00000E+00 0.00000E+00 0.00000E+00 0.00000E+00 0.00000E+00 0.00000E+00 0.00000E+00 0.00000E+00 0.00000E+00 0.00000E+00 0.00000E+00 0.00000E+00 0.00000E+00 0.00000E+00 0.00000E+00 0.00000E+00 0.00000E+00 0.00000E+00 0.00000E+00 0.00000E+00 0.00000E+00 0.00000E+00 0.00000E+00 0.00000E+00 0.00000E+00 0.00000E+00 0.00000E+00 0.00000E+00 0.00000E+00 0.00000E+00 0.00000E+00 0.00000E+00 0.00000E+00 0.00000E+00 0.00000E+00 0.00000E+00 0.00000E+00 0.00000E+00 0.00000E+00 0.00000E+00 0.00000E+00 0.00000E+00 0.00000E+00 0.00000E+00 0.00000E+00 0.00000E+00 0.00000E+00 0.00000E+00 0.00000E+00 0.00000E+00 0.00000E+00 0.00000E+00 0.00000E+00 ];

MAT_fuelsalt_ADENS = [
0.00000E+00 5.38233E-17 1.07732E-16 2.59385E-15 7.77991E-15 1.81778E-14 3.63000E-14 5.40638E-14 7.15429E-14 8.87511E-14 1.05754E-13 1.22583E-13 1.39247E-13 1.55768E-13 1.72169E-13 1.88454E-13 2.04645E-13 2.20747E-13 2.36776E-13 2.52740E-13 2.68628E-13 2.84453E-13 3.00240E-13 3.15984E-13 3.31675E-13 3.47330E-13 3.62946E-13 3.78546E-13 4.46306E-13 5.13555E-13 5.80399E-13 6.46777E-13 7.12842E-13 7.78646E-13 8.44339E-13 9.09911E-13 9.75292E-13 1.04061E-12 1.10584E-12 1.17096E-12 1.23595E-12 1.30098E-12 1.36589E-12 1.43073E-12 1.49553E-12 1.56026E-12 1.62493E-12 1.68964E-12 1.75425E-12 1.81882E-12 1.88340E-12 1.94794E-12 2.01247E-12 2.07699E-12 2.14158E-12 2.20612E-12 2.27065E-12 2.33506E-12 2.39957E-12 2.46407E-12 2.52856E-12 2.59308E-12 2.65748E-12 2.72189E-12 2.78632E-12 2.85077E-12 2.91519E-12 2.97956E-12 3.04388E-12 3.10818E-12 3.17257E-12 3.23692E-12 % lost data
7.97438E-02 7.97438E-02 7.97438E-02 7.97438E-02 7.97439E-02 7.97441E-02 7.97443E-02 7.97446E-02 7.97448E-02 7.97451E-02 7.97453E-02 7.97456E-02 7.97458E-02 7.97461E-02 7.97463E-02 7.97465E-02 7.97467E-02 7.97470E-02 7.97472E-02 7.97474E-02 7.97476E-02 7.97479E-02 7.97481E-02 7.97483E-02 7.97485E-02 7.97487E-02 7.97489E-02 7.97491E-02 7.97500E-02 7.97508E-02 7.97516E-02 7.97523E-02 7.97529E-02 7.97536E-02 7.97542E-02 7.97548E-02 7.97553E-02 7.97558E-02 7.97563E-02 7.97567E-02 7.97571E-02 7.97575E-02 7.97579E-02 7.97582E-02 7.97585E-02 7.97589E-02 7.97591E-02 7.97594E-02 7.97597E-02 7.97599E-02 7.97601E-02 7.97604E-02 7.97606E-02 7.97607E-02 7.97609E-02 7.97611E-02 7.97613E-02 7.97614E-02 7.97615E-02 7.97617E-02 7.97618E-02 7.97619E-02 7.97620E-02 7.97621E-02 7.97622E-02 7.97623E-02 7.97624E-02 7.97625E-02 7.97626E-02 7.97626E-02 7.97627E-02 7.97628E-02 % total
];

MAT_fuelsalt_MDENS = [
0.00000E+00 0.00000E+00 0.00000E+00 0.00000E+00 0.00000E+00 0.00000E+00 0.00000E+00 0.00000E+00 0.00000E+00 0.00000E+00 0.00000E+00 0.00000E+00 0.00000E+00 0.00000E+00 0.00000E+00 0.00000E+00 0.00000E+00 0.00000E+00 0.00000E+00 0.00000E+00 0.00000E+00 0.00000E+00 0.00000E+00 0.00000E+00 0.00000E+00 0.00000E+00 0.00000E+00 0.00000E+00 0.00000E+00 0.00000E+00 0.00000E+00 0.00000E+00 0.00000E+00 0.00000E+00 0.00000E+00 0.00000E+00 0.00000E+00 0.00000E+00 0.00000E+00 0.00000E+00 0.00000E+00 0.00000E+00 0.00000E+00 0.00000E+00 0.00000E+00 0.00000E+00 0.00000E+00 0.00000E+00 0.00000E+00 0.00000E+00 0.00000E+00 0.00000E+00 0.00000E+00 0.00000E+00 0.00000E+00 0.00000E+00 0.00000E+00 0.00000E+00 0.00000E+00 0.00000E+00 0.00000E+00 0.00000E+00 0.00000E+00 0.00000E+00 0.00000E+00 0.00000E+00 0.00000E+00 0.00000E+00 0.00000E+00 0.00000E+00 0.00000E+00 0.00000E+00 % lost data
3.35931E+00 3.35931E+00 3.35931E+00 3.35930E+00 3.35927E+00 3.35920E+00 3.35908E+00 3.35897E+00 3.35885E+00 3.35873E+00 3.35862E+00 3.35851E+00 3.35840E+00 3.35829E+00 3.35819E+00 3.35808E+00 3.35798E+00 3.35788E+00 3.35778E+00 3.35768E+00 3.35758E+00 3.35748E+00 3.35739E+00 3.35730E+00 3.35721E+00 3.35711E+00 3.35703E+00 3.35694E+00 3.35656E+00 3.35621E+00 3.35589E+00 3.35558E+00 3.35529E+00 3.35502E+00 3.35476E+00 3.35452E+00 3.35430E+00 3.35409E+00 3.35389E+00 3.35370E+00 3.35352E+00 3.35336E+00 3.35320E+00 3.35306E+00 3.35292E+00 3.35279E+00 3.35267E+00 3.35255E+00 3.35245E+00 3.35234E+00 3.35225E+00 3.35216E+00 3.35207E+00 3.35199E+00 3.35192E+00 3.35185E+00 3.35178E+00 3.35172E+00 3.35166E+00 3.35161E+00 3.35155E+00 3.35150E+00 3.35146E+00 3.35141E+00 3.35137E+00 3.35133E+00 3.35130E+00 3.35126E+00 3.35123E+00 3.35120E+00 3.35117E+00 3.35115E+00 % total
];

MAT_fuelsalt_A = [
0.00000E+00 0.00000E+00 0.00000E+00 0.00000E+00 0.00000E+00 0.00000E+00 0.00000E+00 0.00000E+00 0.00000E+00 0.00000E+00 0.00000E+00 0.00000E+00 0.00000E+00 0.00000E+00 0.00000E+00 0.00000E+00 0.00000E+00 0.00000E+00 0.00000E+00 0.00000E+00 0.00000E+00 0.00000E+00 0.00000E+00 0.00000E+00 0.00000E+00 0.00000E+00 0.00000E+00 0.00000E+00 0.00000E+00 0.00000E+00 0.00000E+00 0.00000E+00 0.00000E+00 0.00000E+00 0.00000E+00 0.00000E+00 0.00000E+00 0.00000E+00 0.00000E+00 0.00000E+00 0.00000E+00 0.00000E+00 0.00000E+00 0.00000E+00 0.00000E+00 0.00000E+00 0.00000E+00 0.00000E+00 0.00000E+00 0.00000E+00 0.00000E+00 0.00000E+00 0.00000E+00 0.00000E+00 0.00000E+00 0.00000E+00 0.00000E+00 0.00000E+00 0.00000E+00 0.00000E+00 0.00000E+00 0.00000E+00 0.00000E+00 0.00000E+00 0.00000E+00 0.00000E+00 0.00000E+00 0.00000E+00 0.00000E+00 0.00000E+00 0.00000E+00 0.00000E+00 % lost data
1.15365E+12 6.25106E+19 7.05270E+19 9.15726E+19 1.01211E+20 1.09381E+20 1.14569E+20 1.14748E+20 1.14413E+20 1.14064E+20 1.13637E+20 1.13215E+20 1.12864E+20 1.12575E+20 1.12263E+20 1.12027E+20 1.11710E+20 1.11431E+20 1.11250E+20 1.11059E+20 1.10824E+20 1.10677E+20 1.10467E+20 1.10339E+20 1.10163E+20 1.10028E+20 1.09900E+20 1.09777E+20 1.14134E+20 1.13050E+20 1.12132E+20 1.11462E+20 1.10761E+20 1.10164E+20 1.09641E+20 1.09215E+20 1.08835E+20 1.08489E+20 1.08163E+20 1.07878E+20 1.07636E+20 1.07432E+20 1.07168E+20 1.07020E+20 1.06840E+20 1.06650E+20 1.06510E+20 1.06409E+20 1.06280E+20 1.06149E+20 1.06049E+20 1.05945E+20 1.05851E+20 1.05763E+20 1.05653E+20 1.05607E+20 1.05524E+20 1.05468E+20 1.05401E+20 1.05296E+20 1.05305E+20 1.05217E+20 1.05201E+20 1.05179E+20 1.05159E+20 1.05055E+20 1.05015E+20 1.05017E+20 1.05018E+20 1.04953E+20 1.04886E+20 1.04905E+20 % total
];

