
ZAI = [
666
0
];

NAMES = [
'lost            '
'total           '
];

iLOST    = 1;
iTOT     = 2;

MAT_fuelsalt_VOLUME = [ 1.36700E+07 1.36700E+07 1.36700E+07 1.36700E+07 1.36700E+07 1.36700E+07 1.36700E+07 1.36700E+07 1.36700E+07 1.36700E+07 1.36700E+07 1.36700E+07 1.36700E+07 1.36700E+07 1.36700E+07 1.36700E+07 1.36700E+07 1.36700E+07 1.36700E+07 1.36700E+07 1.36700E+07 1.36700E+07 1.36700E+07 1.36700E+07 1.36700E+07 1.36700E+07 1.36700E+07 1.36700E+07 1.36700E+07 1.36700E+07 1.36700E+07 1.36700E+07 1.36700E+07 1.36700E+07 1.36700E+07 1.36700E+07 1.36700E+07 1.36700E+07 1.36700E+07 1.36700E+07 1.36700E+07 1.36700E+07 1.36700E+07 1.36700E+07 1.36700E+07 1.36700E+07 1.36700E+07 1.36700E+07 1.36700E+07 1.36700E+07 1.36700E+07 1.36700E+07 1.36700E+07 1.36700E+07 1.36700E+07 1.36700E+07 1.36700E+07 1.36700E+07 1.36700E+07 1.36700E+07 1.36700E+07 1.36700E+07 1.36700E+07 1.36700E+07 1.36700E+07 1.36700E+07 1.36700E+07 1.36700E+07 1.36700E+07 1.36700E+07 1.36700E+07 1.36700E+07 ];

MAT_fuelsalt_BURNUP = [ 0.00000E+00 0.00000E+00 0.00000E+00 0.00000E+00 0.00000E+00 0.00000E+00 0.00000E+00 0.00000E+00 0.00000E+00 0.00000E+00 0.00000E+00 0.00000E+00 0.00000E+00 0.00000E+00 0.00000E+00 0.00000E+00 0.00000E+00 0.00000E+00 0.00000E+00 0.00000E+00 0.00000E+00 0.00000E+00 0.00000E+00 0.00000E+00 0.00000E+00 0.00000E+00 0.00000E+00 0.00000E+00 0.00000E+00 0.00000E+00 0.00000E+00 0.00000E+00 0.00000E+00 0.00000E+00 0.00000E+00 0.00000E+00 0.00000E+00 0.00000E+00 0.00000E+00 0.00000E+00 0.00000E+00 0.00000E+00 0.00000E+00 0.00000E+00 0.00000E+00 0.00000E+00 0.00000E+00 0.00000E+00 0.00000E+00 0.00000E+00 0.00000E+00 0.00000E+00 0.00000E+00 0.00000E+00 0.00000E+00 0.00000E+00 0.00000E+00 0.00000E+00 0.00000E+00 0.00000E+00 0.00000E+00 0.00000E+00 0.00000E+00 0.00000E+00 0.00000E+00 0.00000E+00 0.00000E+00 0.00000E+00 0.00000E+00 0.00000E+00 0.00000E+00 0.00000E+00 ];

MAT_fuelsalt_ADENS = [
0.00000E+00 5.86217E-17 1.14723E-16 4.93486E-15 9.65422E-15 1.89691E-14 3.52501E-14 5.15395E-14 6.78321E-14 8.41421E-14 1.00445E-13 1.16731E-13 1.33027E-13 1.49311E-13 1.65600E-13 1.81892E-13 1.98181E-13 2.14486E-13 2.30766E-13 2.47050E-13 2.63341E-13 2.79642E-13 2.95947E-13 3.12239E-13 3.28530E-13 3.44829E-13 3.61111E-13 3.77401E-13 4.47232E-13 5.17065E-13 5.86895E-13 6.56729E-13 7.26525E-13 7.96364E-13 8.66171E-13 9.35977E-13 1.00580E-12 1.07565E-12 1.14549E-12 1.21534E-12 1.28515E-12 1.35501E-12 1.42487E-12 1.49469E-12 1.56451E-12 1.63433E-12 1.70416E-12 1.77396E-12 1.84382E-12 1.91364E-12 1.98357E-12 2.05336E-12 2.12321E-12 2.19301E-12 2.26280E-12 2.33262E-12 2.40248E-12 2.47235E-12 2.54211E-12 2.61195E-12 2.68173E-12 2.75157E-12 2.82140E-12 2.89119E-12 2.96105E-12 3.03087E-12 3.10067E-12 3.17051E-12 3.24035E-12 3.31017E-12 3.37997E-12 3.44977E-12 % lost data
7.97438E-02 7.97438E-02 7.97438E-02 7.97438E-02 7.97438E-02 7.97438E-02 7.97438E-02 7.97438E-02 7.97438E-02 7.97438E-02 7.97438E-02 7.97438E-02 7.97438E-02 7.97438E-02 7.97438E-02 7.97438E-02 7.97438E-02 7.97438E-02 7.97438E-02 7.97438E-02 7.97438E-02 7.97438E-02 7.97438E-02 7.97438E-02 7.97438E-02 7.97438E-02 7.97438E-02 7.97438E-02 7.97438E-02 7.97438E-02 7.97438E-02 7.97438E-02 7.97438E-02 7.97438E-02 7.97438E-02 7.97438E-02 7.97438E-02 7.97438E-02 7.97438E-02 7.97438E-02 7.97438E-02 7.97438E-02 7.97438E-02 7.97438E-02 7.97438E-02 7.97438E-02 7.97438E-02 7.97438E-02 7.97438E-02 7.97438E-02 7.97438E-02 7.97438E-02 7.97438E-02 7.97438E-02 7.97438E-02 7.97438E-02 7.97438E-02 7.97438E-02 7.97438E-02 7.97438E-02 7.97438E-02 7.97438E-02 7.97438E-02 7.97438E-02 7.97438E-02 7.97438E-02 7.97438E-02 7.97438E-02 7.97438E-02 7.97438E-02 7.97438E-02 7.97438E-02 % total
];

MAT_fuelsalt_MDENS = [
0.00000E+00 0.00000E+00 0.00000E+00 0.00000E+00 0.00000E+00 0.00000E+00 0.00000E+00 0.00000E+00 0.00000E+00 0.00000E+00 0.00000E+00 0.00000E+00 0.00000E+00 0.00000E+00 0.00000E+00 0.00000E+00 0.00000E+00 0.00000E+00 0.00000E+00 0.00000E+00 0.00000E+00 0.00000E+00 0.00000E+00 0.00000E+00 0.00000E+00 0.00000E+00 0.00000E+00 0.00000E+00 0.00000E+00 0.00000E+00 0.00000E+00 0.00000E+00 0.00000E+00 0.00000E+00 0.00000E+00 0.00000E+00 0.00000E+00 0.00000E+00 0.00000E+00 0.00000E+00 0.00000E+00 0.00000E+00 0.00000E+00 0.00000E+00 0.00000E+00 0.00000E+00 0.00000E+00 0.00000E+00 0.00000E+00 0.00000E+00 0.00000E+00 0.00000E+00 0.00000E+00 0.00000E+00 0.00000E+00 0.00000E+00 0.00000E+00 0.00000E+00 0.00000E+00 0.00000E+00 0.00000E+00 0.00000E+00 0.00000E+00 0.00000E+00 0.00000E+00 0.00000E+00 0.00000E+00 0.00000E+00 0.00000E+00 0.00000E+00 0.00000E+00 0.00000E+00 % lost data
3.35931E+00 3.35920E+00 3.35910E+00 3.35782E+00 3.35779E+00 3.35779E+00 3.35779E+00 3.35779E+00 3.35779E+00 3.35779E+00 3.35779E+00 3.35779E+00 3.35779E+00 3.35779E+00 3.35779E+00 3.35779E+00 3.35779E+00 3.35779E+00 3.35779E+00 3.35779E+00 3.35779E+00 3.35779E+00 3.35779E+00 3.35779E+00 3.35779E+00 3.35779E+00 3.35779E+00 3.35779E+00 3.35779E+00 3.35779E+00 3.35779E+00 3.35779E+00 3.35779E+00 3.35779E+00 3.35779E+00 3.35779E+00 3.35779E+00 3.35779E+00 3.35779E+00 3.35779E+00 3.35779E+00 3.35779E+00 3.35779E+00 3.35779E+00 3.35779E+00 3.35779E+00 3.35779E+00 3.35779E+00 3.35779E+00 3.35779E+00 3.35779E+00 3.35779E+00 3.35779E+00 3.35779E+00 3.35779E+00 3.35779E+00 3.35779E+00 3.35779E+00 3.35779E+00 3.35779E+00 3.35779E+00 3.35779E+00 3.35779E+00 3.35779E+00 3.35779E+00 3.35779E+00 3.35779E+00 3.35779E+00 3.35779E+00 3.35779E+00 3.35779E+00 3.35779E+00 % total
];

MAT_fuelsalt_A = [
0.00000E+00 0.00000E+00 0.00000E+00 0.00000E+00 0.00000E+00 0.00000E+00 0.00000E+00 0.00000E+00 0.00000E+00 0.00000E+00 0.00000E+00 0.00000E+00 0.00000E+00 0.00000E+00 0.00000E+00 0.00000E+00 0.00000E+00 0.00000E+00 0.00000E+00 0.00000E+00 0.00000E+00 0.00000E+00 0.00000E+00 0.00000E+00 0.00000E+00 0.00000E+00 0.00000E+00 0.00000E+00 0.00000E+00 0.00000E+00 0.00000E+00 0.00000E+00 0.00000E+00 0.00000E+00 0.00000E+00 0.00000E+00 0.00000E+00 0.00000E+00 0.00000E+00 0.00000E+00 0.00000E+00 0.00000E+00 0.00000E+00 0.00000E+00 0.00000E+00 0.00000E+00 0.00000E+00 0.00000E+00 0.00000E+00 0.00000E+00 0.00000E+00 0.00000E+00 0.00000E+00 0.00000E+00 0.00000E+00 0.00000E+00 0.00000E+00 0.00000E+00 0.00000E+00 0.00000E+00 0.00000E+00 0.00000E+00 0.00000E+00 0.00000E+00 0.00000E+00 0.00000E+00 0.00000E+00 0.00000E+00 0.00000E+00 0.00000E+00 0.00000E+00 0.00000E+00 % lost data
1.16037E+12 7.40660E+19 7.74192E+19 2.00913E+20 7.26158E+19 7.12116E+19 7.12206E+19 7.12299E+19 7.12190E+19 7.12216E+19 7.12319E+19 7.12192E+19 7.12281E+19 7.12123E+19 7.12109E+19 7.12198E+19 7.12226E+19 7.12397E+19 7.12192E+19 7.12317E+19 7.12395E+19 7.12155E+19 7.12268E+19 7.12364E+19 7.12115E+19 7.12175E+19 7.12226E+19 7.12237E+19 7.12254E+19 7.12176E+19 7.12288E+19 7.12282E+19 7.12236E+19 7.12292E+19 7.12124E+19 7.12408E+19 7.12252E+19 7.12151E+19 7.12203E+19 7.12310E+19 7.12471E+19 7.12303E+19 7.12330E+19 7.12405E+19 7.12291E+19 7.12277E+19 7.12352E+19 7.12220E+19 7.12245E+19 7.12241E+19 7.12330E+19 7.12005E+19 7.12360E+19 7.12097E+19 7.12279E+19 7.12523E+19 7.12252E+19 7.12254E+19 7.12197E+19 7.12460E+19 7.12311E+19 7.12282E+19 7.12347E+19 7.12211E+19 7.12279E+19 7.12148E+19 7.12229E+19 7.12224E+19 7.12225E+19 7.12206E+19 7.12295E+19 7.12070E+19 % total
];

