
ZAI = [
666
0
];

NAMES = [
'lost            '
'total           '
];

iLOST    = 1;
iTOT     = 2;

MAT_fuelsalt_VOLUME = [ 1.36700E+07 1.36700E+07 1.36700E+07 1.36700E+07 1.36700E+07 1.36700E+07 1.36700E+07 1.36700E+07 1.36700E+07 1.36700E+07 1.36700E+07 1.36700E+07 1.36700E+07 1.36700E+07 1.36700E+07 1.36700E+07 1.36700E+07 1.36700E+07 1.36700E+07 1.36700E+07 1.36700E+07 1.36700E+07 1.36700E+07 1.36700E+07 1.36700E+07 1.36700E+07 1.36700E+07 1.36700E+07 1.36700E+07 1.36700E+07 1.36700E+07 1.36700E+07 1.36700E+07 1.36700E+07 1.36700E+07 1.36700E+07 1.36700E+07 1.36700E+07 1.36700E+07 1.36700E+07 1.36700E+07 1.36700E+07 1.36700E+07 1.36700E+07 1.36700E+07 1.36700E+07 1.36700E+07 1.36700E+07 1.36700E+07 1.36700E+07 1.36700E+07 1.36700E+07 1.36700E+07 1.36700E+07 1.36700E+07 1.36700E+07 1.36700E+07 1.36700E+07 1.36700E+07 1.36700E+07 1.36700E+07 1.36700E+07 1.36700E+07 1.36700E+07 1.36700E+07 1.36700E+07 1.36700E+07 1.36700E+07 1.36700E+07 1.36700E+07 1.36700E+07 1.36700E+07 ];

MAT_fuelsalt_BURNUP = [ 0.00000E+00 0.00000E+00 0.00000E+00 0.00000E+00 0.00000E+00 0.00000E+00 0.00000E+00 0.00000E+00 0.00000E+00 0.00000E+00 0.00000E+00 0.00000E+00 0.00000E+00 0.00000E+00 0.00000E+00 0.00000E+00 0.00000E+00 0.00000E+00 0.00000E+00 0.00000E+00 0.00000E+00 0.00000E+00 0.00000E+00 0.00000E+00 0.00000E+00 0.00000E+00 0.00000E+00 0.00000E+00 0.00000E+00 0.00000E+00 0.00000E+00 0.00000E+00 0.00000E+00 0.00000E+00 0.00000E+00 0.00000E+00 0.00000E+00 0.00000E+00 0.00000E+00 0.00000E+00 0.00000E+00 0.00000E+00 0.00000E+00 0.00000E+00 0.00000E+00 0.00000E+00 0.00000E+00 0.00000E+00 0.00000E+00 0.00000E+00 0.00000E+00 0.00000E+00 0.00000E+00 0.00000E+00 0.00000E+00 0.00000E+00 0.00000E+00 0.00000E+00 0.00000E+00 0.00000E+00 0.00000E+00 0.00000E+00 0.00000E+00 0.00000E+00 0.00000E+00 0.00000E+00 0.00000E+00 0.00000E+00 0.00000E+00 0.00000E+00 0.00000E+00 0.00000E+00 ];

MAT_fuelsalt_ADENS = [
0.00000E+00 5.37940E-17 1.07664E-16 2.58930E-15 7.76351E-15 1.80964E-14 3.60253E-14 5.36738E-14 7.10419E-14 8.81583E-14 1.05069E-13 1.21755E-13 1.38234E-13 1.54571E-13 1.70732E-13 1.86774E-13 2.02666E-13 2.18406E-13 2.34046E-13 2.49574E-13 2.64998E-13 2.80335E-13 2.95591E-13 3.10799E-13 3.25901E-13 3.40925E-13 3.55903E-13 3.70802E-13 4.34529E-13 4.97326E-13 5.59394E-13 6.20893E-13 6.81822E-13 7.42468E-13 8.02715E-13 8.62681E-13 9.22606E-13 9.82280E-13 1.04179E-12 1.10109E-12 1.16042E-12 1.21959E-12 1.27876E-12 1.33775E-12 1.39667E-12 1.45559E-12 1.51446E-12 1.57340E-12 1.63227E-12 1.69107E-12 1.75006E-12 1.80902E-12 1.86807E-12 1.92695E-12 1.98578E-12 2.04481E-12 2.10380E-12 2.16271E-12 2.22164E-12 2.28052E-12 2.33954E-12 2.39854E-12 2.45767E-12 2.51682E-12 2.57594E-12 2.63503E-12 2.69412E-12 2.75328E-12 2.81261E-12 2.87190E-12 2.93111E-12 2.99057E-12 % lost data
7.97438E-02 7.97438E-02 7.97438E-02 7.97438E-02 7.97439E-02 7.97441E-02 7.97443E-02 7.97446E-02 7.97448E-02 7.97451E-02 7.97453E-02 7.97456E-02 7.97459E-02 7.97461E-02 7.97464E-02 7.97466E-02 7.97469E-02 7.97471E-02 7.97474E-02 7.97477E-02 7.97479E-02 7.97482E-02 7.97484E-02 7.97487E-02 7.97490E-02 7.97492E-02 7.97495E-02 7.97497E-02 7.97509E-02 7.97520E-02 7.97531E-02 7.97542E-02 7.97553E-02 7.97564E-02 7.97575E-02 7.97586E-02 7.97596E-02 7.97607E-02 7.97618E-02 7.97628E-02 7.97638E-02 7.97649E-02 7.97659E-02 7.97669E-02 7.97679E-02 7.97689E-02 7.97699E-02 7.97709E-02 7.97719E-02 7.97729E-02 7.97738E-02 7.97748E-02 7.97757E-02 7.97767E-02 7.97776E-02 7.97785E-02 7.97794E-02 7.97803E-02 7.97812E-02 7.97821E-02 7.97830E-02 7.97839E-02 7.97847E-02 7.97856E-02 7.97864E-02 7.97873E-02 7.97881E-02 7.97889E-02 7.97898E-02 7.97906E-02 7.97914E-02 7.97922E-02 % total
];

MAT_fuelsalt_MDENS = [
0.00000E+00 0.00000E+00 0.00000E+00 0.00000E+00 0.00000E+00 0.00000E+00 0.00000E+00 0.00000E+00 0.00000E+00 0.00000E+00 0.00000E+00 0.00000E+00 0.00000E+00 0.00000E+00 0.00000E+00 0.00000E+00 0.00000E+00 0.00000E+00 0.00000E+00 0.00000E+00 0.00000E+00 0.00000E+00 0.00000E+00 0.00000E+00 0.00000E+00 0.00000E+00 0.00000E+00 0.00000E+00 0.00000E+00 0.00000E+00 0.00000E+00 0.00000E+00 0.00000E+00 0.00000E+00 0.00000E+00 0.00000E+00 0.00000E+00 0.00000E+00 0.00000E+00 0.00000E+00 0.00000E+00 0.00000E+00 0.00000E+00 0.00000E+00 0.00000E+00 0.00000E+00 0.00000E+00 0.00000E+00 0.00000E+00 0.00000E+00 0.00000E+00 0.00000E+00 0.00000E+00 0.00000E+00 0.00000E+00 0.00000E+00 0.00000E+00 0.00000E+00 0.00000E+00 0.00000E+00 0.00000E+00 0.00000E+00 0.00000E+00 0.00000E+00 0.00000E+00 0.00000E+00 0.00000E+00 0.00000E+00 0.00000E+00 0.00000E+00 0.00000E+00 0.00000E+00 % lost data
3.35931E+00 3.35931E+00 3.35931E+00 3.35930E+00 3.35928E+00 3.35922E+00 3.35912E+00 3.35902E+00 3.35891E+00 3.35881E+00 3.35871E+00 3.35861E+00 3.35851E+00 3.35841E+00 3.35831E+00 3.35821E+00 3.35811E+00 3.35801E+00 3.35791E+00 3.35781E+00 3.35772E+00 3.35762E+00 3.35752E+00 3.35743E+00 3.35733E+00 3.35723E+00 3.35714E+00 3.35704E+00 3.35663E+00 3.35622E+00 3.35582E+00 3.35542E+00 3.35503E+00 3.35465E+00 3.35426E+00 3.35389E+00 3.35351E+00 3.35314E+00 3.35278E+00 3.35241E+00 3.35206E+00 3.35170E+00 3.35135E+00 3.35100E+00 3.35066E+00 3.35032E+00 3.34998E+00 3.34965E+00 3.34932E+00 3.34899E+00 3.34867E+00 3.34835E+00 3.34803E+00 3.34772E+00 3.34741E+00 3.34710E+00 3.34680E+00 3.34649E+00 3.34620E+00 3.34590E+00 3.34561E+00 3.34532E+00 3.34503E+00 3.34474E+00 3.34446E+00 3.34418E+00 3.34390E+00 3.34363E+00 3.34336E+00 3.34309E+00 3.34282E+00 3.34256E+00 % total
];

MAT_fuelsalt_A = [
0.00000E+00 0.00000E+00 0.00000E+00 0.00000E+00 0.00000E+00 0.00000E+00 0.00000E+00 0.00000E+00 0.00000E+00 0.00000E+00 0.00000E+00 0.00000E+00 0.00000E+00 0.00000E+00 0.00000E+00 0.00000E+00 0.00000E+00 0.00000E+00 0.00000E+00 0.00000E+00 0.00000E+00 0.00000E+00 0.00000E+00 0.00000E+00 0.00000E+00 0.00000E+00 0.00000E+00 0.00000E+00 0.00000E+00 0.00000E+00 0.00000E+00 0.00000E+00 0.00000E+00 0.00000E+00 0.00000E+00 0.00000E+00 0.00000E+00 0.00000E+00 0.00000E+00 0.00000E+00 0.00000E+00 0.00000E+00 0.00000E+00 0.00000E+00 0.00000E+00 0.00000E+00 0.00000E+00 0.00000E+00 0.00000E+00 0.00000E+00 0.00000E+00 0.00000E+00 0.00000E+00 0.00000E+00 0.00000E+00 0.00000E+00 0.00000E+00 0.00000E+00 0.00000E+00 0.00000E+00 0.00000E+00 0.00000E+00 0.00000E+00 0.00000E+00 0.00000E+00 0.00000E+00 0.00000E+00 0.00000E+00 0.00000E+00 0.00000E+00 0.00000E+00 0.00000E+00 % lost data
1.15419E+12 6.24788E+19 7.05243E+19 9.12129E+19 1.00483E+20 1.07975E+20 1.12461E+20 1.13472E+20 1.13883E+20 1.14138E+20 1.14289E+20 1.14404E+20 1.14379E+20 1.14472E+20 1.14473E+20 1.14508E+20 1.14484E+20 1.14494E+20 1.14525E+20 1.14522E+20 1.14510E+20 1.14534E+20 1.14551E+20 1.14527E+20 1.14569E+20 1.14585E+20 1.14565E+20 1.14582E+20 1.16923E+20 1.16755E+20 1.16468E+20 1.16408E+20 1.16261E+20 1.16237E+20 1.16126E+20 1.16013E+20 1.15969E+20 1.15920E+20 1.15850E+20 1.15784E+20 1.15683E+20 1.15644E+20 1.15673E+20 1.15568E+20 1.15606E+20 1.15619E+20 1.15485E+20 1.15472E+20 1.15420E+20 1.15325E+20 1.15416E+20 1.15349E+20 1.15254E+20 1.15247E+20 1.15239E+20 1.15236E+20 1.15141E+20 1.15131E+20 1.15173E+20 1.15180E+20 1.15103E+20 1.15059E+20 1.15067E+20 1.15026E+20 1.15064E+20 1.14991E+20 1.14954E+20 1.14915E+20 1.14894E+20 1.14906E+20 1.14862E+20 1.14912E+20 % total
];

