
ZAI = [
666
0
];

NAMES = [
'lost            '
'total           '
];

iLOST    = 1;
iTOT     = 2;

MAT_fuelsalt_VOLUME = [ 1.36700E+07 1.36700E+07 1.36700E+07 1.36700E+07 1.36700E+07 1.36700E+07 1.36700E+07 1.36700E+07 1.36700E+07 1.36700E+07 1.36700E+07 1.36700E+07 1.36700E+07 1.36700E+07 1.36700E+07 1.36700E+07 1.36700E+07 1.36700E+07 1.36700E+07 1.36700E+07 1.36700E+07 1.36700E+07 1.36700E+07 1.36700E+07 1.36700E+07 1.36700E+07 1.36700E+07 1.36700E+07 1.36700E+07 1.36700E+07 1.36700E+07 1.36700E+07 1.36700E+07 1.36700E+07 1.36700E+07 1.36700E+07 1.36700E+07 1.36700E+07 1.36700E+07 1.36700E+07 1.36700E+07 1.36700E+07 1.36700E+07 1.36700E+07 1.36700E+07 1.36700E+07 1.36700E+07 1.36700E+07 1.36700E+07 1.36700E+07 1.36700E+07 1.36700E+07 1.36700E+07 1.36700E+07 1.36700E+07 1.36700E+07 1.36700E+07 1.36700E+07 1.36700E+07 1.36700E+07 1.36700E+07 1.36700E+07 1.36700E+07 1.36700E+07 1.36700E+07 1.36700E+07 1.36700E+07 1.36700E+07 1.36700E+07 1.36700E+07 1.36700E+07 1.36700E+07 ];

MAT_fuelsalt_BURNUP = [ 0.00000E+00 0.00000E+00 0.00000E+00 0.00000E+00 0.00000E+00 0.00000E+00 0.00000E+00 0.00000E+00 0.00000E+00 0.00000E+00 0.00000E+00 0.00000E+00 0.00000E+00 0.00000E+00 0.00000E+00 0.00000E+00 0.00000E+00 0.00000E+00 0.00000E+00 0.00000E+00 0.00000E+00 0.00000E+00 0.00000E+00 0.00000E+00 0.00000E+00 0.00000E+00 0.00000E+00 0.00000E+00 0.00000E+00 0.00000E+00 0.00000E+00 0.00000E+00 0.00000E+00 0.00000E+00 0.00000E+00 0.00000E+00 0.00000E+00 0.00000E+00 0.00000E+00 0.00000E+00 0.00000E+00 0.00000E+00 0.00000E+00 0.00000E+00 0.00000E+00 0.00000E+00 0.00000E+00 0.00000E+00 0.00000E+00 0.00000E+00 0.00000E+00 0.00000E+00 0.00000E+00 0.00000E+00 0.00000E+00 0.00000E+00 0.00000E+00 0.00000E+00 0.00000E+00 0.00000E+00 0.00000E+00 0.00000E+00 0.00000E+00 0.00000E+00 0.00000E+00 0.00000E+00 0.00000E+00 0.00000E+00 0.00000E+00 0.00000E+00 0.00000E+00 0.00000E+00 ];

MAT_fuelsalt_ADENS = [
0.00000E+00 5.60187E-17 1.11192E-16 4.72368E-15 1.00115E-14 1.94121E-14 3.57174E-14 5.20204E-14 6.83048E-14 8.45973E-14 1.00894E-13 1.17202E-13 1.33507E-13 1.49794E-13 1.66089E-13 1.82387E-13 1.98675E-13 2.14967E-13 2.31255E-13 2.47539E-13 2.63841E-13 2.80134E-13 2.96423E-13 3.12718E-13 3.29015E-13 3.45320E-13 3.61614E-13 3.77906E-13 4.47728E-13 5.17586E-13 5.87414E-13 6.57250E-13 7.27054E-13 7.96884E-13 8.66641E-13 9.36386E-13 1.00624E-12 1.07610E-12 1.14601E-12 1.21586E-12 1.28568E-12 1.35551E-12 1.42532E-12 1.49517E-12 1.56504E-12 1.63485E-12 1.70473E-12 1.77455E-12 1.84437E-12 1.91418E-12 1.98404E-12 2.05388E-12 2.12365E-12 2.19348E-12 2.26328E-12 2.33313E-12 2.40298E-12 2.47286E-12 2.54268E-12 2.61250E-12 2.68233E-12 2.75213E-12 2.82199E-12 2.89188E-12 2.96175E-12 3.03158E-12 3.10144E-12 3.17130E-12 3.24116E-12 3.31096E-12 3.38083E-12 3.45073E-12 % lost data
7.97438E-02 7.97438E-02 7.97438E-02 7.97438E-02 7.97438E-02 7.97438E-02 7.97438E-02 7.97438E-02 7.97438E-02 7.97438E-02 7.97438E-02 7.97438E-02 7.97438E-02 7.97438E-02 7.97438E-02 7.97438E-02 7.97438E-02 7.97438E-02 7.97438E-02 7.97438E-02 7.97438E-02 7.97438E-02 7.97438E-02 7.97438E-02 7.97438E-02 7.97438E-02 7.97438E-02 7.97438E-02 7.97438E-02 7.97438E-02 7.97438E-02 7.97438E-02 7.97438E-02 7.97438E-02 7.97438E-02 7.97438E-02 7.97438E-02 7.97438E-02 7.97438E-02 7.97438E-02 7.97438E-02 7.97438E-02 7.97438E-02 7.97438E-02 7.97438E-02 7.97438E-02 7.97438E-02 7.97438E-02 7.97438E-02 7.97438E-02 7.97438E-02 7.97438E-02 7.97438E-02 7.97438E-02 7.97438E-02 7.97438E-02 7.97438E-02 7.97438E-02 7.97438E-02 7.97438E-02 7.97438E-02 7.97438E-02 7.97438E-02 7.97438E-02 7.97438E-02 7.97438E-02 7.97438E-02 7.97438E-02 7.97438E-02 7.97438E-02 7.97438E-02 7.97438E-02 % total
];

MAT_fuelsalt_MDENS = [
0.00000E+00 0.00000E+00 0.00000E+00 0.00000E+00 0.00000E+00 0.00000E+00 0.00000E+00 0.00000E+00 0.00000E+00 0.00000E+00 0.00000E+00 0.00000E+00 0.00000E+00 0.00000E+00 0.00000E+00 0.00000E+00 0.00000E+00 0.00000E+00 0.00000E+00 0.00000E+00 0.00000E+00 0.00000E+00 0.00000E+00 0.00000E+00 0.00000E+00 0.00000E+00 0.00000E+00 0.00000E+00 0.00000E+00 0.00000E+00 0.00000E+00 0.00000E+00 0.00000E+00 0.00000E+00 0.00000E+00 0.00000E+00 0.00000E+00 0.00000E+00 0.00000E+00 0.00000E+00 0.00000E+00 0.00000E+00 0.00000E+00 0.00000E+00 0.00000E+00 0.00000E+00 0.00000E+00 0.00000E+00 0.00000E+00 0.00000E+00 0.00000E+00 0.00000E+00 0.00000E+00 0.00000E+00 0.00000E+00 0.00000E+00 0.00000E+00 0.00000E+00 0.00000E+00 0.00000E+00 0.00000E+00 0.00000E+00 0.00000E+00 0.00000E+00 0.00000E+00 0.00000E+00 0.00000E+00 0.00000E+00 0.00000E+00 0.00000E+00 0.00000E+00 0.00000E+00 % lost data
3.35933E+00 3.35929E+00 3.35925E+00 3.35818E+00 3.35781E+00 3.35778E+00 3.35778E+00 3.35778E+00 3.35778E+00 3.35778E+00 3.35778E+00 3.35778E+00 3.35778E+00 3.35778E+00 3.35778E+00 3.35778E+00 3.35778E+00 3.35778E+00 3.35778E+00 3.35778E+00 3.35778E+00 3.35778E+00 3.35778E+00 3.35778E+00 3.35778E+00 3.35778E+00 3.35778E+00 3.35778E+00 3.35778E+00 3.35778E+00 3.35778E+00 3.35778E+00 3.35778E+00 3.35778E+00 3.35778E+00 3.35778E+00 3.35778E+00 3.35778E+00 3.35778E+00 3.35778E+00 3.35778E+00 3.35778E+00 3.35778E+00 3.35778E+00 3.35778E+00 3.35778E+00 3.35778E+00 3.35778E+00 3.35778E+00 3.35778E+00 3.35778E+00 3.35778E+00 3.35778E+00 3.35778E+00 3.35778E+00 3.35778E+00 3.35778E+00 3.35778E+00 3.35778E+00 3.35778E+00 3.35778E+00 3.35778E+00 3.35778E+00 3.35778E+00 3.35778E+00 3.35778E+00 3.35778E+00 3.35778E+00 3.35778E+00 3.35778E+00 3.35778E+00 3.35778E+00 % total
];

MAT_fuelsalt_A = [
0.00000E+00 0.00000E+00 0.00000E+00 0.00000E+00 0.00000E+00 0.00000E+00 0.00000E+00 0.00000E+00 0.00000E+00 0.00000E+00 0.00000E+00 0.00000E+00 0.00000E+00 0.00000E+00 0.00000E+00 0.00000E+00 0.00000E+00 0.00000E+00 0.00000E+00 0.00000E+00 0.00000E+00 0.00000E+00 0.00000E+00 0.00000E+00 0.00000E+00 0.00000E+00 0.00000E+00 0.00000E+00 0.00000E+00 0.00000E+00 0.00000E+00 0.00000E+00 0.00000E+00 0.00000E+00 0.00000E+00 0.00000E+00 0.00000E+00 0.00000E+00 0.00000E+00 0.00000E+00 0.00000E+00 0.00000E+00 0.00000E+00 0.00000E+00 0.00000E+00 0.00000E+00 0.00000E+00 0.00000E+00 0.00000E+00 0.00000E+00 0.00000E+00 0.00000E+00 0.00000E+00 0.00000E+00 0.00000E+00 0.00000E+00 0.00000E+00 0.00000E+00 0.00000E+00 0.00000E+00 0.00000E+00 0.00000E+00 0.00000E+00 0.00000E+00 0.00000E+00 0.00000E+00 0.00000E+00 0.00000E+00 0.00000E+00 0.00000E+00 0.00000E+00 0.00000E+00 % lost data
1.11355E+12 6.74331E+19 7.43308E+19 2.26336E+20 9.41605E+19 7.80312E+19 7.70130E+19 7.70219E+19 7.70026E+19 7.70180E+19 7.70310E+19 7.70260E+19 7.70174E+19 7.70243E+19 7.70119E+19 7.69942E+19 7.70111E+19 7.70219E+19 7.70059E+19 7.70033E+19 7.70223E+19 7.70216E+19 7.70073E+19 7.70067E+19 7.70148E+19 7.70211E+19 7.70080E+19 7.70238E+19 7.69989E+19 7.70052E+19 7.69982E+19 7.70048E+19 7.70082E+19 7.69995E+19 7.70219E+19 7.70157E+19 7.70303E+19 7.70149E+19 7.70169E+19 7.70062E+19 7.70037E+19 7.70067E+19 7.69935E+19 7.70128E+19 7.70243E+19 7.70166E+19 7.70267E+19 7.70061E+19 7.70070E+19 7.70091E+19 7.69928E+19 7.70143E+19 7.70221E+19 7.70238E+19 7.69991E+19 7.70085E+19 7.70105E+19 7.70008E+19 7.70191E+19 7.70055E+19 7.70102E+19 7.70194E+19 7.70052E+19 7.70133E+19 7.70178E+19 7.70176E+19 7.70218E+19 7.70265E+19 7.70255E+19 7.69960E+19 7.70053E+19 7.70240E+19 % total
];

