
ZAI = [
666
0
];

NAMES = [
'lost            '
'total           '
];

iLOST    = 1;
iTOT     = 2;

MAT_fuelsalt_VOLUME = [ 1.36700E+07 1.36700E+07 1.36700E+07 1.36700E+07 1.36700E+07 1.36700E+07 1.36700E+07 1.36700E+07 1.36700E+07 1.36700E+07 1.36700E+07 1.36700E+07 1.36700E+07 1.36700E+07 1.36700E+07 1.36700E+07 1.36700E+07 1.36700E+07 1.36700E+07 1.36700E+07 1.36700E+07 1.36700E+07 1.36700E+07 1.36700E+07 1.36700E+07 1.36700E+07 1.36700E+07 1.36700E+07 1.36700E+07 1.36700E+07 1.36700E+07 1.36700E+07 1.36700E+07 1.36700E+07 1.36700E+07 1.36700E+07 1.36700E+07 1.36700E+07 1.36700E+07 1.36700E+07 1.36700E+07 1.36700E+07 1.36700E+07 1.36700E+07 1.36700E+07 1.36700E+07 1.36700E+07 1.36700E+07 1.36700E+07 1.36700E+07 1.36700E+07 1.36700E+07 1.36700E+07 1.36700E+07 1.36700E+07 1.36700E+07 1.36700E+07 1.36700E+07 1.36700E+07 1.36700E+07 1.36700E+07 1.36700E+07 1.36700E+07 1.36700E+07 1.36700E+07 1.36700E+07 1.36700E+07 1.36700E+07 1.36700E+07 1.36700E+07 1.36700E+07 1.36700E+07 ];

MAT_fuelsalt_BURNUP = [ 0.00000E+00 0.00000E+00 0.00000E+00 0.00000E+00 0.00000E+00 0.00000E+00 0.00000E+00 0.00000E+00 0.00000E+00 0.00000E+00 0.00000E+00 0.00000E+00 0.00000E+00 0.00000E+00 0.00000E+00 0.00000E+00 0.00000E+00 0.00000E+00 0.00000E+00 0.00000E+00 0.00000E+00 0.00000E+00 0.00000E+00 0.00000E+00 0.00000E+00 0.00000E+00 0.00000E+00 0.00000E+00 0.00000E+00 0.00000E+00 0.00000E+00 0.00000E+00 0.00000E+00 0.00000E+00 0.00000E+00 0.00000E+00 0.00000E+00 0.00000E+00 0.00000E+00 0.00000E+00 0.00000E+00 0.00000E+00 0.00000E+00 0.00000E+00 0.00000E+00 0.00000E+00 0.00000E+00 0.00000E+00 0.00000E+00 0.00000E+00 0.00000E+00 0.00000E+00 0.00000E+00 0.00000E+00 0.00000E+00 0.00000E+00 0.00000E+00 0.00000E+00 0.00000E+00 0.00000E+00 0.00000E+00 0.00000E+00 0.00000E+00 0.00000E+00 0.00000E+00 0.00000E+00 0.00000E+00 0.00000E+00 0.00000E+00 0.00000E+00 0.00000E+00 0.00000E+00 ];

MAT_fuelsalt_ADENS = [
0.00000E+00 5.42005E-17 1.08351E-16 2.73457E-15 8.32436E-15 1.96362E-14 3.90219E-14 5.69352E-14 7.41883E-14 9.10783E-14 1.07756E-13 1.24300E-13 1.40738E-13 1.57113E-13 1.73443E-13 1.89745E-13 2.06018E-13 2.22256E-13 2.38499E-13 2.54756E-13 2.70974E-13 2.87206E-13 3.03426E-13 3.19643E-13 3.35866E-13 3.52086E-13 3.68309E-13 3.84521E-13 4.54020E-13 5.23541E-13 5.93012E-13 6.62459E-13 7.31962E-13 8.01472E-13 8.71002E-13 9.40509E-13 1.00995E-12 1.07943E-12 1.14889E-12 1.21835E-12 1.28789E-12 1.35739E-12 1.42687E-12 1.49640E-12 1.56586E-12 1.63532E-12 1.70478E-12 1.77428E-12 1.84372E-12 1.91317E-12 1.98265E-12 2.05215E-12 2.12163E-12 2.19106E-12 2.26057E-12 2.33003E-12 2.39954E-12 2.46905E-12 2.53854E-12 2.60804E-12 2.67752E-12 2.74702E-12 2.81653E-12 2.88603E-12 2.95552E-12 3.02501E-12 3.09452E-12 3.16408E-12 3.23357E-12 3.30311E-12 3.37258E-12 3.44211E-12 % lost data
7.97438E-02 7.97438E-02 7.97438E-02 7.97438E-02 7.97439E-02 7.97441E-02 7.97443E-02 7.97444E-02 7.97445E-02 7.97446E-02 7.97446E-02 7.97446E-02 7.97446E-02 7.97446E-02 7.97447E-02 7.97447E-02 7.97447E-02 7.97447E-02 7.97447E-02 7.97447E-02 7.97447E-02 7.97447E-02 7.97447E-02 7.97447E-02 7.97447E-02 7.97447E-02 7.97447E-02 7.97447E-02 7.97447E-02 7.97447E-02 7.97447E-02 7.97447E-02 7.97447E-02 7.97447E-02 7.97447E-02 7.97447E-02 7.97447E-02 7.97447E-02 7.97447E-02 7.97447E-02 7.97447E-02 7.97447E-02 7.97447E-02 7.97447E-02 7.97447E-02 7.97447E-02 7.97447E-02 7.97447E-02 7.97447E-02 7.97447E-02 7.97447E-02 7.97447E-02 7.97447E-02 7.97447E-02 7.97447E-02 7.97447E-02 7.97447E-02 7.97447E-02 7.97447E-02 7.97447E-02 7.97447E-02 7.97447E-02 7.97447E-02 7.97447E-02 7.97447E-02 7.97447E-02 7.97447E-02 7.97447E-02 7.97447E-02 7.97447E-02 7.97447E-02 7.97447E-02 % total
];

MAT_fuelsalt_MDENS = [
0.00000E+00 0.00000E+00 0.00000E+00 0.00000E+00 0.00000E+00 0.00000E+00 0.00000E+00 0.00000E+00 0.00000E+00 0.00000E+00 0.00000E+00 0.00000E+00 0.00000E+00 0.00000E+00 0.00000E+00 0.00000E+00 0.00000E+00 0.00000E+00 0.00000E+00 0.00000E+00 0.00000E+00 0.00000E+00 0.00000E+00 0.00000E+00 0.00000E+00 0.00000E+00 0.00000E+00 0.00000E+00 0.00000E+00 0.00000E+00 0.00000E+00 0.00000E+00 0.00000E+00 0.00000E+00 0.00000E+00 0.00000E+00 0.00000E+00 0.00000E+00 0.00000E+00 0.00000E+00 0.00000E+00 0.00000E+00 0.00000E+00 0.00000E+00 0.00000E+00 0.00000E+00 0.00000E+00 0.00000E+00 0.00000E+00 0.00000E+00 0.00000E+00 0.00000E+00 0.00000E+00 0.00000E+00 0.00000E+00 0.00000E+00 0.00000E+00 0.00000E+00 0.00000E+00 0.00000E+00 0.00000E+00 0.00000E+00 0.00000E+00 0.00000E+00 0.00000E+00 0.00000E+00 0.00000E+00 0.00000E+00 0.00000E+00 0.00000E+00 0.00000E+00 0.00000E+00 % lost data
3.35933E+00 3.35933E+00 3.35933E+00 3.35925E+00 3.35910E+00 3.35883E+00 3.35845E+00 3.35818E+00 3.35799E+00 3.35785E+00 3.35775E+00 3.35767E+00 3.35762E+00 3.35758E+00 3.35756E+00 3.35754E+00 3.35752E+00 3.35751E+00 3.35751E+00 3.35750E+00 3.35750E+00 3.35749E+00 3.35749E+00 3.35749E+00 3.35749E+00 3.35749E+00 3.35749E+00 3.35749E+00 3.35749E+00 3.35749E+00 3.35749E+00 3.35749E+00 3.35749E+00 3.35749E+00 3.35749E+00 3.35749E+00 3.35749E+00 3.35749E+00 3.35749E+00 3.35749E+00 3.35749E+00 3.35749E+00 3.35749E+00 3.35749E+00 3.35749E+00 3.35749E+00 3.35749E+00 3.35749E+00 3.35749E+00 3.35749E+00 3.35749E+00 3.35749E+00 3.35749E+00 3.35749E+00 3.35749E+00 3.35749E+00 3.35749E+00 3.35749E+00 3.35749E+00 3.35749E+00 3.35749E+00 3.35749E+00 3.35749E+00 3.35749E+00 3.35749E+00 3.35749E+00 3.35749E+00 3.35749E+00 3.35749E+00 3.35749E+00 3.35749E+00 3.35749E+00 % total
];

MAT_fuelsalt_A = [
0.00000E+00 0.00000E+00 0.00000E+00 0.00000E+00 0.00000E+00 0.00000E+00 0.00000E+00 0.00000E+00 0.00000E+00 0.00000E+00 0.00000E+00 0.00000E+00 0.00000E+00 0.00000E+00 0.00000E+00 0.00000E+00 0.00000E+00 0.00000E+00 0.00000E+00 0.00000E+00 0.00000E+00 0.00000E+00 0.00000E+00 0.00000E+00 0.00000E+00 0.00000E+00 0.00000E+00 0.00000E+00 0.00000E+00 0.00000E+00 0.00000E+00 0.00000E+00 0.00000E+00 0.00000E+00 0.00000E+00 0.00000E+00 0.00000E+00 0.00000E+00 0.00000E+00 0.00000E+00 0.00000E+00 0.00000E+00 0.00000E+00 0.00000E+00 0.00000E+00 0.00000E+00 0.00000E+00 0.00000E+00 0.00000E+00 0.00000E+00 0.00000E+00 0.00000E+00 0.00000E+00 0.00000E+00 0.00000E+00 0.00000E+00 0.00000E+00 0.00000E+00 0.00000E+00 0.00000E+00 0.00000E+00 0.00000E+00 0.00000E+00 0.00000E+00 0.00000E+00 0.00000E+00 0.00000E+00 0.00000E+00 0.00000E+00 0.00000E+00 0.00000E+00 0.00000E+00 % lost data
1.11355E+12 6.29010E+19 7.10135E+19 1.02211E+20 1.17240E+20 1.28098E+20 1.27446E+20 1.12586E+20 1.05868E+20 1.02127E+20 9.98785E+19 9.84020E+19 9.73757E+19 9.67020E+19 9.62154E+19 9.58764E+19 9.56047E+19 9.54514E+19 9.52926E+19 9.52163E+19 9.51470E+19 9.50928E+19 9.50538E+19 9.50412E+19 9.50156E+19 9.49881E+19 9.50053E+19 9.49980E+19 9.49744E+19 9.49864E+19 9.49678E+19 9.49812E+19 9.49618E+19 9.49939E+19 9.49852E+19 9.49568E+19 9.49580E+19 9.49836E+19 9.49655E+19 9.49743E+19 9.49568E+19 9.49798E+19 9.49634E+19 9.49754E+19 9.49851E+19 9.50071E+19 9.49889E+19 9.49730E+19 9.49782E+19 9.49620E+19 9.49525E+19 9.49842E+19 9.49681E+19 9.49929E+19 9.49948E+19 9.49697E+19 9.49565E+19 9.49487E+19 9.49511E+19 9.49864E+19 9.49457E+19 9.49898E+19 9.49809E+19 9.49663E+19 9.49614E+19 9.49509E+19 9.49783E+19 9.49712E+19 9.49936E+19 9.49837E+19 9.49859E+19 9.49486E+19 % total
];

