
ZAI = [
666
0
];

NAMES = [
'lost            '
'total           '
];

iLOST    = 1;
iTOT     = 2;

MAT_fuelsalt_VOLUME = [ 1.36700E+07 1.36700E+07 1.36700E+07 1.36700E+07 1.36700E+07 1.36700E+07 1.36700E+07 1.36700E+07 1.36700E+07 1.36700E+07 1.36700E+07 1.36700E+07 1.36700E+07 1.36700E+07 1.36700E+07 1.36700E+07 1.36700E+07 1.36700E+07 1.36700E+07 1.36700E+07 1.36700E+07 1.36700E+07 1.36700E+07 1.36700E+07 1.36700E+07 1.36700E+07 1.36700E+07 1.36700E+07 1.36700E+07 1.36700E+07 1.36700E+07 1.36700E+07 1.36700E+07 1.36700E+07 1.36700E+07 1.36700E+07 1.36700E+07 1.36700E+07 1.36700E+07 1.36700E+07 1.36700E+07 1.36700E+07 1.36700E+07 1.36700E+07 1.36700E+07 1.36700E+07 1.36700E+07 1.36700E+07 1.36700E+07 1.36700E+07 1.36700E+07 1.36700E+07 1.36700E+07 1.36700E+07 1.36700E+07 1.36700E+07 1.36700E+07 1.36700E+07 1.36700E+07 1.36700E+07 1.36700E+07 1.36700E+07 1.36700E+07 1.36700E+07 1.36700E+07 1.36700E+07 1.36700E+07 1.36700E+07 1.36700E+07 1.36700E+07 1.36700E+07 1.36700E+07 ];

MAT_fuelsalt_BURNUP = [ 0.00000E+00 0.00000E+00 0.00000E+00 0.00000E+00 0.00000E+00 0.00000E+00 0.00000E+00 0.00000E+00 0.00000E+00 0.00000E+00 0.00000E+00 0.00000E+00 0.00000E+00 0.00000E+00 0.00000E+00 0.00000E+00 0.00000E+00 0.00000E+00 0.00000E+00 0.00000E+00 0.00000E+00 0.00000E+00 0.00000E+00 0.00000E+00 0.00000E+00 0.00000E+00 0.00000E+00 0.00000E+00 0.00000E+00 0.00000E+00 0.00000E+00 0.00000E+00 0.00000E+00 0.00000E+00 0.00000E+00 0.00000E+00 0.00000E+00 0.00000E+00 0.00000E+00 0.00000E+00 0.00000E+00 0.00000E+00 0.00000E+00 0.00000E+00 0.00000E+00 0.00000E+00 0.00000E+00 0.00000E+00 0.00000E+00 0.00000E+00 0.00000E+00 0.00000E+00 0.00000E+00 0.00000E+00 0.00000E+00 0.00000E+00 0.00000E+00 0.00000E+00 0.00000E+00 0.00000E+00 0.00000E+00 0.00000E+00 0.00000E+00 0.00000E+00 0.00000E+00 0.00000E+00 0.00000E+00 0.00000E+00 0.00000E+00 0.00000E+00 0.00000E+00 0.00000E+00 ];

MAT_fuelsalt_ADENS = [
0.00000E+00 5.45607E-17 1.09042E-16 3.43327E-15 9.52387E-15 2.02592E-14 3.72316E-14 5.35944E-14 6.98881E-14 8.61686E-14 1.02455E-13 1.18756E-13 1.35053E-13 1.51344E-13 1.67629E-13 1.83932E-13 2.00222E-13 2.16505E-13 2.32805E-13 2.49108E-13 2.65408E-13 2.81705E-13 2.97996E-13 3.14279E-13 3.30569E-13 3.46849E-13 3.63147E-13 3.79437E-13 4.49191E-13 5.19005E-13 5.88772E-13 6.58617E-13 7.28401E-13 7.98135E-13 8.67994E-13 9.37823E-13 1.00767E-12 1.07749E-12 1.14733E-12 1.21714E-12 1.28689E-12 1.35668E-12 1.42656E-12 1.49636E-12 1.56619E-12 1.63603E-12 1.70584E-12 1.77562E-12 1.84543E-12 1.91522E-12 1.98503E-12 2.05482E-12 2.12462E-12 2.19450E-12 2.26430E-12 2.33417E-12 2.40401E-12 2.47386E-12 2.54366E-12 2.61344E-12 2.68325E-12 2.75303E-12 2.82287E-12 2.89267E-12 2.96247E-12 3.03226E-12 3.10215E-12 3.17200E-12 3.24175E-12 3.31156E-12 3.38138E-12 3.45120E-12 % lost data
7.97438E-02 7.97438E-02 7.97438E-02 7.97438E-02 7.97439E-02 7.97439E-02 7.97439E-02 7.97439E-02 7.97439E-02 7.97439E-02 7.97439E-02 7.97439E-02 7.97439E-02 7.97439E-02 7.97439E-02 7.97439E-02 7.97439E-02 7.97439E-02 7.97439E-02 7.97439E-02 7.97439E-02 7.97439E-02 7.97439E-02 7.97439E-02 7.97439E-02 7.97439E-02 7.97439E-02 7.97439E-02 7.97439E-02 7.97439E-02 7.97439E-02 7.97439E-02 7.97439E-02 7.97439E-02 7.97439E-02 7.97439E-02 7.97439E-02 7.97439E-02 7.97439E-02 7.97439E-02 7.97439E-02 7.97439E-02 7.97439E-02 7.97439E-02 7.97439E-02 7.97439E-02 7.97439E-02 7.97439E-02 7.97439E-02 7.97439E-02 7.97439E-02 7.97439E-02 7.97439E-02 7.97439E-02 7.97439E-02 7.97439E-02 7.97439E-02 7.97439E-02 7.97439E-02 7.97439E-02 7.97439E-02 7.97439E-02 7.97439E-02 7.97439E-02 7.97439E-02 7.97439E-02 7.97439E-02 7.97439E-02 7.97439E-02 7.97439E-02 7.97439E-02 7.97439E-02 % total
];

MAT_fuelsalt_MDENS = [
0.00000E+00 0.00000E+00 0.00000E+00 0.00000E+00 0.00000E+00 0.00000E+00 0.00000E+00 0.00000E+00 0.00000E+00 0.00000E+00 0.00000E+00 0.00000E+00 0.00000E+00 0.00000E+00 0.00000E+00 0.00000E+00 0.00000E+00 0.00000E+00 0.00000E+00 0.00000E+00 0.00000E+00 0.00000E+00 0.00000E+00 0.00000E+00 0.00000E+00 0.00000E+00 0.00000E+00 0.00000E+00 0.00000E+00 0.00000E+00 0.00000E+00 0.00000E+00 0.00000E+00 0.00000E+00 0.00000E+00 0.00000E+00 0.00000E+00 0.00000E+00 0.00000E+00 0.00000E+00 0.00000E+00 0.00000E+00 0.00000E+00 0.00000E+00 0.00000E+00 0.00000E+00 0.00000E+00 0.00000E+00 0.00000E+00 0.00000E+00 0.00000E+00 0.00000E+00 0.00000E+00 0.00000E+00 0.00000E+00 0.00000E+00 0.00000E+00 0.00000E+00 0.00000E+00 0.00000E+00 0.00000E+00 0.00000E+00 0.00000E+00 0.00000E+00 0.00000E+00 0.00000E+00 0.00000E+00 0.00000E+00 0.00000E+00 0.00000E+00 0.00000E+00 0.00000E+00 % lost data
3.35933E+00 3.35932E+00 3.35931E+00 3.35889E+00 3.35834E+00 3.35791E+00 3.35777E+00 3.35775E+00 3.35775E+00 3.35775E+00 3.35775E+00 3.35775E+00 3.35775E+00 3.35775E+00 3.35775E+00 3.35775E+00 3.35775E+00 3.35775E+00 3.35775E+00 3.35775E+00 3.35775E+00 3.35775E+00 3.35775E+00 3.35775E+00 3.35775E+00 3.35775E+00 3.35775E+00 3.35775E+00 3.35775E+00 3.35775E+00 3.35775E+00 3.35775E+00 3.35775E+00 3.35775E+00 3.35775E+00 3.35775E+00 3.35775E+00 3.35775E+00 3.35775E+00 3.35775E+00 3.35775E+00 3.35775E+00 3.35775E+00 3.35775E+00 3.35775E+00 3.35775E+00 3.35775E+00 3.35775E+00 3.35775E+00 3.35775E+00 3.35775E+00 3.35775E+00 3.35775E+00 3.35775E+00 3.35775E+00 3.35775E+00 3.35775E+00 3.35775E+00 3.35775E+00 3.35775E+00 3.35775E+00 3.35775E+00 3.35775E+00 3.35775E+00 3.35775E+00 3.35775E+00 3.35775E+00 3.35775E+00 3.35775E+00 3.35775E+00 3.35775E+00 3.35775E+00 % total
];

MAT_fuelsalt_A = [
0.00000E+00 0.00000E+00 0.00000E+00 0.00000E+00 0.00000E+00 0.00000E+00 0.00000E+00 0.00000E+00 0.00000E+00 0.00000E+00 0.00000E+00 0.00000E+00 0.00000E+00 0.00000E+00 0.00000E+00 0.00000E+00 0.00000E+00 0.00000E+00 0.00000E+00 0.00000E+00 0.00000E+00 0.00000E+00 0.00000E+00 0.00000E+00 0.00000E+00 0.00000E+00 0.00000E+00 0.00000E+00 0.00000E+00 0.00000E+00 0.00000E+00 0.00000E+00 0.00000E+00 0.00000E+00 0.00000E+00 0.00000E+00 0.00000E+00 0.00000E+00 0.00000E+00 0.00000E+00 0.00000E+00 0.00000E+00 0.00000E+00 0.00000E+00 0.00000E+00 0.00000E+00 0.00000E+00 0.00000E+00 0.00000E+00 0.00000E+00 0.00000E+00 0.00000E+00 0.00000E+00 0.00000E+00 0.00000E+00 0.00000E+00 0.00000E+00 0.00000E+00 0.00000E+00 0.00000E+00 0.00000E+00 0.00000E+00 0.00000E+00 0.00000E+00 0.00000E+00 0.00000E+00 0.00000E+00 0.00000E+00 0.00000E+00 0.00000E+00 0.00000E+00 0.00000E+00 % lost data
1.11355E+12 6.38970E+19 7.18333E+19 1.54137E+20 1.33029E+20 1.08717E+20 9.12838E+19 8.58081E+19 8.52958E+19 8.52351E+19 8.52241E+19 8.52553E+19 8.52174E+19 8.52311E+19 8.52478E+19 8.52407E+19 8.52285E+19 8.52174E+19 8.52345E+19 8.52171E+19 8.52245E+19 8.52340E+19 8.52295E+19 8.51931E+19 8.52513E+19 8.52126E+19 8.52229E+19 8.52089E+19 8.52334E+19 8.52379E+19 8.52007E+19 8.52440E+19 8.51981E+19 8.52344E+19 8.52248E+19 8.52312E+19 8.52389E+19 8.52242E+19 8.52511E+19 8.52092E+19 8.52420E+19 8.52099E+19 8.52378E+19 8.52394E+19 8.52445E+19 8.52235E+19 8.52498E+19 8.52307E+19 8.52537E+19 8.52328E+19 8.52272E+19 8.52201E+19 8.52344E+19 8.52165E+19 8.52431E+19 8.52318E+19 8.52263E+19 8.51976E+19 8.52467E+19 8.52246E+19 8.52200E+19 8.52321E+19 8.52240E+19 8.52210E+19 8.52394E+19 8.51849E+19 8.52450E+19 8.52334E+19 8.52420E+19 8.52253E+19 8.52217E+19 8.52273E+19 % total
];

