
ZAI = [
666
0
];

NAMES = [
'lost            '
'total           '
];

iLOST    = 1;
iTOT     = 2;

MAT_fuelsalt_VOLUME = [ 1.36700E+07 1.36700E+07 1.36700E+07 1.36700E+07 1.36700E+07 1.36700E+07 1.36700E+07 1.36700E+07 1.36700E+07 1.36700E+07 1.36700E+07 1.36700E+07 1.36700E+07 1.36700E+07 1.36700E+07 1.36700E+07 1.36700E+07 1.36700E+07 1.36700E+07 1.36700E+07 1.36700E+07 1.36700E+07 1.36700E+07 1.36700E+07 1.36700E+07 1.36700E+07 1.36700E+07 1.36700E+07 1.36700E+07 1.36700E+07 1.36700E+07 1.36700E+07 1.36700E+07 1.36700E+07 1.36700E+07 1.36700E+07 1.36700E+07 1.36700E+07 1.36700E+07 1.36700E+07 1.36700E+07 1.36700E+07 1.36700E+07 1.36700E+07 1.36700E+07 1.36700E+07 1.36700E+07 1.36700E+07 1.36700E+07 1.36700E+07 1.36700E+07 1.36700E+07 1.36700E+07 1.36700E+07 1.36700E+07 1.36700E+07 1.36700E+07 1.36700E+07 1.36700E+07 1.36700E+07 1.36700E+07 1.36700E+07 1.36700E+07 1.36700E+07 1.36700E+07 1.36700E+07 1.36700E+07 1.36700E+07 1.36700E+07 1.36700E+07 1.36700E+07 1.36700E+07 ];

MAT_fuelsalt_BURNUP = [ 0.00000E+00 0.00000E+00 0.00000E+00 0.00000E+00 0.00000E+00 0.00000E+00 0.00000E+00 0.00000E+00 0.00000E+00 0.00000E+00 0.00000E+00 0.00000E+00 0.00000E+00 0.00000E+00 0.00000E+00 0.00000E+00 0.00000E+00 0.00000E+00 0.00000E+00 0.00000E+00 0.00000E+00 0.00000E+00 0.00000E+00 0.00000E+00 0.00000E+00 0.00000E+00 0.00000E+00 0.00000E+00 0.00000E+00 0.00000E+00 0.00000E+00 0.00000E+00 0.00000E+00 0.00000E+00 0.00000E+00 0.00000E+00 0.00000E+00 0.00000E+00 0.00000E+00 0.00000E+00 0.00000E+00 0.00000E+00 0.00000E+00 0.00000E+00 0.00000E+00 0.00000E+00 0.00000E+00 0.00000E+00 0.00000E+00 0.00000E+00 0.00000E+00 0.00000E+00 0.00000E+00 0.00000E+00 0.00000E+00 0.00000E+00 0.00000E+00 0.00000E+00 0.00000E+00 0.00000E+00 0.00000E+00 0.00000E+00 0.00000E+00 0.00000E+00 0.00000E+00 0.00000E+00 0.00000E+00 0.00000E+00 0.00000E+00 0.00000E+00 0.00000E+00 0.00000E+00 ];

MAT_fuelsalt_ADENS = [
0.00000E+00 5.38659E-17 1.07708E-16 2.58723E-15 7.76595E-15 1.81040E-14 3.60495E-14 5.37065E-14 7.10864E-14 8.82286E-14 1.05122E-13 1.21830E-13 1.38347E-13 1.54718E-13 1.70930E-13 1.86977E-13 2.02912E-13 2.18701E-13 2.34385E-13 2.49974E-13 2.65476E-13 2.80906E-13 2.96245E-13 3.11497E-13 3.26668E-13 3.41796E-13 3.56862E-13 3.71871E-13 4.36169E-13 4.99632E-13 5.62445E-13 6.24776E-13 6.86715E-13 7.48231E-13 8.09524E-13 8.70576E-13 9.31431E-13 9.92109E-13 1.05275E-12 1.11318E-12 1.17355E-12 1.23388E-12 1.29409E-12 1.35425E-12 1.41442E-12 1.47448E-12 1.53455E-12 1.59463E-12 1.65470E-12 1.71467E-12 1.77464E-12 1.83459E-12 1.89456E-12 1.95450E-12 2.01459E-12 2.07464E-12 2.13466E-12 2.19469E-12 2.25467E-12 2.31463E-12 2.37466E-12 2.43481E-12 2.49486E-12 2.55501E-12 2.61511E-12 2.67510E-12 2.73523E-12 2.79539E-12 2.85566E-12 2.91590E-12 2.97611E-12 3.03638E-12 % lost data
7.97438E-02 7.97438E-02 7.97438E-02 7.97438E-02 7.97439E-02 7.97441E-02 7.97443E-02 7.97446E-02 7.97448E-02 7.97451E-02 7.97453E-02 7.97456E-02 7.97459E-02 7.97461E-02 7.97464E-02 7.97466E-02 7.97469E-02 7.97471E-02 7.97474E-02 7.97476E-02 7.97479E-02 7.97482E-02 7.97484E-02 7.97487E-02 7.97489E-02 7.97492E-02 7.97494E-02 7.97497E-02 7.97508E-02 7.97519E-02 7.97530E-02 7.97540E-02 7.97551E-02 7.97561E-02 7.97572E-02 7.97582E-02 7.97592E-02 7.97602E-02 7.97612E-02 7.97621E-02 7.97631E-02 7.97640E-02 7.97650E-02 7.97659E-02 7.97668E-02 7.97677E-02 7.97686E-02 7.97695E-02 7.97704E-02 7.97712E-02 7.97721E-02 7.97729E-02 7.97737E-02 7.97745E-02 7.97753E-02 7.97761E-02 7.97769E-02 7.97777E-02 7.97785E-02 7.97792E-02 7.97800E-02 7.97807E-02 7.97814E-02 7.97821E-02 7.97828E-02 7.97835E-02 7.97842E-02 7.97849E-02 7.97855E-02 7.97862E-02 7.97868E-02 7.97875E-02 % total
];

MAT_fuelsalt_MDENS = [
0.00000E+00 0.00000E+00 0.00000E+00 0.00000E+00 0.00000E+00 0.00000E+00 0.00000E+00 0.00000E+00 0.00000E+00 0.00000E+00 0.00000E+00 0.00000E+00 0.00000E+00 0.00000E+00 0.00000E+00 0.00000E+00 0.00000E+00 0.00000E+00 0.00000E+00 0.00000E+00 0.00000E+00 0.00000E+00 0.00000E+00 0.00000E+00 0.00000E+00 0.00000E+00 0.00000E+00 0.00000E+00 0.00000E+00 0.00000E+00 0.00000E+00 0.00000E+00 0.00000E+00 0.00000E+00 0.00000E+00 0.00000E+00 0.00000E+00 0.00000E+00 0.00000E+00 0.00000E+00 0.00000E+00 0.00000E+00 0.00000E+00 0.00000E+00 0.00000E+00 0.00000E+00 0.00000E+00 0.00000E+00 0.00000E+00 0.00000E+00 0.00000E+00 0.00000E+00 0.00000E+00 0.00000E+00 0.00000E+00 0.00000E+00 0.00000E+00 0.00000E+00 0.00000E+00 0.00000E+00 0.00000E+00 0.00000E+00 0.00000E+00 0.00000E+00 0.00000E+00 0.00000E+00 0.00000E+00 0.00000E+00 0.00000E+00 0.00000E+00 0.00000E+00 0.00000E+00 % lost data
3.35931E+00 3.35931E+00 3.35931E+00 3.35930E+00 3.35927E+00 3.35922E+00 3.35912E+00 3.35901E+00 3.35891E+00 3.35881E+00 3.35870E+00 3.35860E+00 3.35850E+00 3.35840E+00 3.35830E+00 3.35820E+00 3.35810E+00 3.35800E+00 3.35790E+00 3.35780E+00 3.35770E+00 3.35761E+00 3.35751E+00 3.35741E+00 3.35731E+00 3.35722E+00 3.35712E+00 3.35703E+00 3.35662E+00 3.35622E+00 3.35582E+00 3.35543E+00 3.35505E+00 3.35467E+00 3.35430E+00 3.35393E+00 3.35357E+00 3.35322E+00 3.35287E+00 3.35253E+00 3.35219E+00 3.35185E+00 3.35153E+00 3.35120E+00 3.35088E+00 3.35057E+00 3.35026E+00 3.34995E+00 3.34965E+00 3.34935E+00 3.34906E+00 3.34877E+00 3.34849E+00 3.34821E+00 3.34793E+00 3.34766E+00 3.34739E+00 3.34712E+00 3.34686E+00 3.34660E+00 3.34635E+00 3.34610E+00 3.34585E+00 3.34561E+00 3.34537E+00 3.34513E+00 3.34490E+00 3.34467E+00 3.34444E+00 3.34421E+00 3.34399E+00 3.34378E+00 % total
];

MAT_fuelsalt_A = [
0.00000E+00 0.00000E+00 0.00000E+00 0.00000E+00 0.00000E+00 0.00000E+00 0.00000E+00 0.00000E+00 0.00000E+00 0.00000E+00 0.00000E+00 0.00000E+00 0.00000E+00 0.00000E+00 0.00000E+00 0.00000E+00 0.00000E+00 0.00000E+00 0.00000E+00 0.00000E+00 0.00000E+00 0.00000E+00 0.00000E+00 0.00000E+00 0.00000E+00 0.00000E+00 0.00000E+00 0.00000E+00 0.00000E+00 0.00000E+00 0.00000E+00 0.00000E+00 0.00000E+00 0.00000E+00 0.00000E+00 0.00000E+00 0.00000E+00 0.00000E+00 0.00000E+00 0.00000E+00 0.00000E+00 0.00000E+00 0.00000E+00 0.00000E+00 0.00000E+00 0.00000E+00 0.00000E+00 0.00000E+00 0.00000E+00 0.00000E+00 0.00000E+00 0.00000E+00 0.00000E+00 0.00000E+00 0.00000E+00 0.00000E+00 0.00000E+00 0.00000E+00 0.00000E+00 0.00000E+00 0.00000E+00 0.00000E+00 0.00000E+00 0.00000E+00 0.00000E+00 0.00000E+00 0.00000E+00 0.00000E+00 0.00000E+00 0.00000E+00 0.00000E+00 0.00000E+00 % lost data
1.15365E+12 6.25000E+19 7.05343E+19 9.12450E+19 1.00539E+20 1.08147E+20 1.12643E+20 1.13619E+20 1.13987E+20 1.14145E+20 1.14194E+20 1.14232E+20 1.14285E+20 1.14309E+20 1.14256E+20 1.14224E+20 1.14168E+20 1.14167E+20 1.14208E+20 1.14162E+20 1.14134E+20 1.14099E+20 1.14080E+20 1.13980E+20 1.13947E+20 1.13983E+20 1.13938E+20 1.13944E+20 1.16677E+20 1.16371E+20 1.16125E+20 1.15825E+20 1.15628E+20 1.15393E+20 1.15183E+20 1.15082E+20 1.14933E+20 1.14769E+20 1.14631E+20 1.14553E+20 1.14357E+20 1.14308E+20 1.14243E+20 1.14155E+20 1.14078E+20 1.13957E+20 1.13797E+20 1.13767E+20 1.13625E+20 1.13661E+20 1.13590E+20 1.13470E+20 1.13409E+20 1.13451E+20 1.13344E+20 1.13319E+20 1.13216E+20 1.13159E+20 1.13182E+20 1.13063E+20 1.12971E+20 1.12968E+20 1.12917E+20 1.12869E+20 1.12876E+20 1.12792E+20 1.12736E+20 1.12715E+20 1.12704E+20 1.12631E+20 1.12561E+20 1.12580E+20 % total
];

