
ZAI = [
666
0
];

NAMES = [
'lost            '
'total           '
];

iLOST    = 1;
iTOT     = 2;

MAT_fuelsalt_VOLUME = [ 1.36700E+07 1.36700E+07 1.36700E+07 1.36700E+07 1.36700E+07 1.36700E+07 1.36700E+07 1.36700E+07 1.36700E+07 1.36700E+07 1.36700E+07 1.36700E+07 1.36700E+07 1.36700E+07 1.36700E+07 1.36700E+07 1.36700E+07 1.36700E+07 1.36700E+07 1.36700E+07 1.36700E+07 1.36700E+07 1.36700E+07 1.36700E+07 1.36700E+07 1.36700E+07 1.36700E+07 1.36700E+07 1.36700E+07 1.36700E+07 1.36700E+07 1.36700E+07 1.36700E+07 1.36700E+07 1.36700E+07 1.36700E+07 1.36700E+07 1.36700E+07 1.36700E+07 1.36700E+07 1.36700E+07 1.36700E+07 1.36700E+07 1.36700E+07 1.36700E+07 1.36700E+07 1.36700E+07 1.36700E+07 1.36700E+07 1.36700E+07 1.36700E+07 1.36700E+07 1.36700E+07 1.36700E+07 1.36700E+07 1.36700E+07 1.36700E+07 1.36700E+07 1.36700E+07 1.36700E+07 1.36700E+07 1.36700E+07 1.36700E+07 1.36700E+07 1.36700E+07 1.36700E+07 1.36700E+07 1.36700E+07 1.36700E+07 1.36700E+07 1.36700E+07 1.36700E+07 ];

MAT_fuelsalt_BURNUP = [ 0.00000E+00 0.00000E+00 0.00000E+00 0.00000E+00 0.00000E+00 0.00000E+00 0.00000E+00 0.00000E+00 0.00000E+00 0.00000E+00 0.00000E+00 0.00000E+00 0.00000E+00 0.00000E+00 0.00000E+00 0.00000E+00 0.00000E+00 0.00000E+00 0.00000E+00 0.00000E+00 0.00000E+00 0.00000E+00 0.00000E+00 0.00000E+00 0.00000E+00 0.00000E+00 0.00000E+00 0.00000E+00 0.00000E+00 0.00000E+00 0.00000E+00 0.00000E+00 0.00000E+00 0.00000E+00 0.00000E+00 0.00000E+00 0.00000E+00 0.00000E+00 0.00000E+00 0.00000E+00 0.00000E+00 0.00000E+00 0.00000E+00 0.00000E+00 0.00000E+00 0.00000E+00 0.00000E+00 0.00000E+00 0.00000E+00 0.00000E+00 0.00000E+00 0.00000E+00 0.00000E+00 0.00000E+00 0.00000E+00 0.00000E+00 0.00000E+00 0.00000E+00 0.00000E+00 0.00000E+00 0.00000E+00 0.00000E+00 0.00000E+00 0.00000E+00 0.00000E+00 0.00000E+00 0.00000E+00 0.00000E+00 0.00000E+00 0.00000E+00 0.00000E+00 0.00000E+00 ];

MAT_fuelsalt_ADENS = [
0.00000E+00 5.38188E-17 1.07646E-16 2.60266E-15 7.82232E-15 1.83272E-14 3.67001E-14 5.46217E-14 7.21988E-14 8.95037E-14 1.06591E-13 1.23515E-13 1.40301E-13 1.56961E-13 1.73520E-13 1.89980E-13 2.06377E-13 2.22696E-13 2.38951E-13 2.55164E-13 2.71345E-13 2.87485E-13 3.03600E-13 3.19647E-13 3.35675E-13 3.51693E-13 3.67676E-13 3.83640E-13 4.53284E-13 5.22317E-13 5.90860E-13 6.59094E-13 7.27146E-13 7.94942E-13 8.62588E-13 9.30147E-13 9.97661E-13 1.06493E-12 1.13224E-12 1.19946E-12 1.26661E-12 1.33377E-12 1.40092E-12 1.46803E-12 1.53515E-12 1.60223E-12 1.66924E-12 1.73631E-12 1.80330E-12 1.87039E-12 1.93742E-12 2.00443E-12 2.07142E-12 2.13841E-12 2.20539E-12 2.27240E-12 2.33935E-12 2.40625E-12 2.47318E-12 2.54010E-12 2.60708E-12 2.67406E-12 2.74107E-12 2.80803E-12 2.87499E-12 2.94201E-12 3.00896E-12 3.07590E-12 3.14290E-12 3.20981E-12 3.27674E-12 3.34371E-12 % lost data
7.97438E-02 7.97438E-02 7.97438E-02 7.97438E-02 7.97439E-02 7.97441E-02 7.97443E-02 7.97446E-02 7.97448E-02 7.97451E-02 7.97453E-02 7.97455E-02 7.97457E-02 7.97459E-02 7.97461E-02 7.97463E-02 7.97465E-02 7.97466E-02 7.97468E-02 7.97470E-02 7.97471E-02 7.97473E-02 7.97474E-02 7.97475E-02 7.97477E-02 7.97478E-02 7.97479E-02 7.97480E-02 7.97485E-02 7.97490E-02 7.97493E-02 7.97496E-02 7.97499E-02 7.97501E-02 7.97502E-02 7.97504E-02 7.97505E-02 7.97506E-02 7.97507E-02 7.97508E-02 7.97509E-02 7.97509E-02 7.97510E-02 7.97510E-02 7.97510E-02 7.97511E-02 7.97511E-02 7.97511E-02 7.97511E-02 7.97511E-02 7.97511E-02 7.97512E-02 7.97512E-02 7.97512E-02 7.97512E-02 7.97512E-02 7.97512E-02 7.97512E-02 7.97512E-02 7.97512E-02 7.97512E-02 7.97512E-02 7.97512E-02 7.97512E-02 7.97512E-02 7.97512E-02 7.97512E-02 7.97512E-02 7.97512E-02 7.97512E-02 7.97512E-02 7.97512E-02 % total
];

MAT_fuelsalt_MDENS = [
0.00000E+00 0.00000E+00 0.00000E+00 0.00000E+00 0.00000E+00 0.00000E+00 0.00000E+00 0.00000E+00 0.00000E+00 0.00000E+00 0.00000E+00 0.00000E+00 0.00000E+00 0.00000E+00 0.00000E+00 0.00000E+00 0.00000E+00 0.00000E+00 0.00000E+00 0.00000E+00 0.00000E+00 0.00000E+00 0.00000E+00 0.00000E+00 0.00000E+00 0.00000E+00 0.00000E+00 0.00000E+00 0.00000E+00 0.00000E+00 0.00000E+00 0.00000E+00 0.00000E+00 0.00000E+00 0.00000E+00 0.00000E+00 0.00000E+00 0.00000E+00 0.00000E+00 0.00000E+00 0.00000E+00 0.00000E+00 0.00000E+00 0.00000E+00 0.00000E+00 0.00000E+00 0.00000E+00 0.00000E+00 0.00000E+00 0.00000E+00 0.00000E+00 0.00000E+00 0.00000E+00 0.00000E+00 0.00000E+00 0.00000E+00 0.00000E+00 0.00000E+00 0.00000E+00 0.00000E+00 0.00000E+00 0.00000E+00 0.00000E+00 0.00000E+00 0.00000E+00 0.00000E+00 0.00000E+00 0.00000E+00 0.00000E+00 0.00000E+00 0.00000E+00 0.00000E+00 % lost data
3.35931E+00 3.35931E+00 3.35931E+00 3.35929E+00 3.35925E+00 3.35916E+00 3.35901E+00 3.35887E+00 3.35873E+00 3.35859E+00 3.35846E+00 3.35834E+00 3.35822E+00 3.35810E+00 3.35799E+00 3.35789E+00 3.35779E+00 3.35769E+00 3.35759E+00 3.35750E+00 3.35741E+00 3.35733E+00 3.35725E+00 3.35717E+00 3.35709E+00 3.35702E+00 3.35695E+00 3.35688E+00 3.35661E+00 3.35638E+00 3.35619E+00 3.35602E+00 3.35588E+00 3.35577E+00 3.35567E+00 3.35558E+00 3.35551E+00 3.35545E+00 3.35540E+00 3.35536E+00 3.35532E+00 3.35529E+00 3.35526E+00 3.35524E+00 3.35522E+00 3.35520E+00 3.35519E+00 3.35518E+00 3.35517E+00 3.35516E+00 3.35515E+00 3.35515E+00 3.35514E+00 3.35514E+00 3.35513E+00 3.35513E+00 3.35513E+00 3.35513E+00 3.35512E+00 3.35512E+00 3.35512E+00 3.35512E+00 3.35512E+00 3.35512E+00 3.35512E+00 3.35512E+00 3.35512E+00 3.35512E+00 3.35512E+00 3.35512E+00 3.35511E+00 3.35511E+00 % total
];

MAT_fuelsalt_A = [
0.00000E+00 0.00000E+00 0.00000E+00 0.00000E+00 0.00000E+00 0.00000E+00 0.00000E+00 0.00000E+00 0.00000E+00 0.00000E+00 0.00000E+00 0.00000E+00 0.00000E+00 0.00000E+00 0.00000E+00 0.00000E+00 0.00000E+00 0.00000E+00 0.00000E+00 0.00000E+00 0.00000E+00 0.00000E+00 0.00000E+00 0.00000E+00 0.00000E+00 0.00000E+00 0.00000E+00 0.00000E+00 0.00000E+00 0.00000E+00 0.00000E+00 0.00000E+00 0.00000E+00 0.00000E+00 0.00000E+00 0.00000E+00 0.00000E+00 0.00000E+00 0.00000E+00 0.00000E+00 0.00000E+00 0.00000E+00 0.00000E+00 0.00000E+00 0.00000E+00 0.00000E+00 0.00000E+00 0.00000E+00 0.00000E+00 0.00000E+00 0.00000E+00 0.00000E+00 0.00000E+00 0.00000E+00 0.00000E+00 0.00000E+00 0.00000E+00 0.00000E+00 0.00000E+00 0.00000E+00 0.00000E+00 0.00000E+00 0.00000E+00 0.00000E+00 0.00000E+00 0.00000E+00 0.00000E+00 0.00000E+00 0.00000E+00 0.00000E+00 0.00000E+00 0.00000E+00 % lost data
1.16037E+12 6.24664E+19 7.04965E+19 9.22862E+19 1.02526E+20 1.11661E+20 1.17696E+20 1.16145E+20 1.14572E+20 1.13285E+20 1.12197E+20 1.11284E+20 1.10514E+20 1.09838E+20 1.09246E+20 1.08727E+20 1.08316E+20 1.07886E+20 1.07497E+20 1.07161E+20 1.06838E+20 1.06595E+20 1.06360E+20 1.06116E+20 1.05885E+20 1.05669E+20 1.05479E+20 1.05322E+20 1.09417E+20 1.07946E+20 1.06820E+20 1.05912E+20 1.05237E+20 1.04642E+20 1.04209E+20 1.03838E+20 1.03516E+20 1.03250E+20 1.03032E+20 1.02833E+20 1.02689E+20 1.02546E+20 1.02435E+20 1.02371E+20 1.02269E+20 1.02208E+20 1.02159E+20 1.02135E+20 1.02038E+20 1.02079E+20 1.02009E+20 1.02001E+20 1.01938E+20 1.01954E+20 1.01967E+20 1.01910E+20 1.01896E+20 1.01909E+20 1.01901E+20 1.01892E+20 1.01858E+20 1.01851E+20 1.01884E+20 1.01884E+20 1.01871E+20 1.01862E+20 1.01857E+20 1.01821E+20 1.01862E+20 1.01860E+20 1.01890E+20 1.01846E+20 % total
];

