
ZAI = [
666
0
];

NAMES = [
'lost            '
'total           '
];

iLOST    = 1;
iTOT     = 2;

MAT_fuelsalt_VOLUME = [ 1.36700E+07 1.36700E+07 1.36700E+07 1.36700E+07 1.36700E+07 1.36700E+07 1.36700E+07 1.36700E+07 1.36700E+07 1.36700E+07 1.36700E+07 1.36700E+07 1.36700E+07 1.36700E+07 1.36700E+07 1.36700E+07 1.36700E+07 1.36700E+07 1.36700E+07 1.36700E+07 1.36700E+07 1.36700E+07 1.36700E+07 1.36700E+07 1.36700E+07 1.36700E+07 1.36700E+07 1.36700E+07 1.36700E+07 1.36700E+07 1.36700E+07 1.36700E+07 1.36700E+07 1.36700E+07 1.36700E+07 1.36700E+07 1.36700E+07 1.36700E+07 1.36700E+07 1.36700E+07 1.36700E+07 1.36700E+07 1.36700E+07 1.36700E+07 1.36700E+07 1.36700E+07 1.36700E+07 1.36700E+07 1.36700E+07 1.36700E+07 1.36700E+07 1.36700E+07 1.36700E+07 1.36700E+07 1.36700E+07 1.36700E+07 1.36700E+07 1.36700E+07 1.36700E+07 1.36700E+07 1.36700E+07 1.36700E+07 1.36700E+07 1.36700E+07 1.36700E+07 1.36700E+07 1.36700E+07 1.36700E+07 1.36700E+07 1.36700E+07 1.36700E+07 1.36700E+07 ];

MAT_fuelsalt_BURNUP = [ 0.00000E+00 0.00000E+00 0.00000E+00 0.00000E+00 0.00000E+00 0.00000E+00 0.00000E+00 0.00000E+00 0.00000E+00 0.00000E+00 0.00000E+00 0.00000E+00 0.00000E+00 0.00000E+00 0.00000E+00 0.00000E+00 0.00000E+00 0.00000E+00 0.00000E+00 0.00000E+00 0.00000E+00 0.00000E+00 0.00000E+00 0.00000E+00 0.00000E+00 0.00000E+00 0.00000E+00 0.00000E+00 0.00000E+00 0.00000E+00 0.00000E+00 0.00000E+00 0.00000E+00 0.00000E+00 0.00000E+00 0.00000E+00 0.00000E+00 0.00000E+00 0.00000E+00 0.00000E+00 0.00000E+00 0.00000E+00 0.00000E+00 0.00000E+00 0.00000E+00 0.00000E+00 0.00000E+00 0.00000E+00 0.00000E+00 0.00000E+00 0.00000E+00 0.00000E+00 0.00000E+00 0.00000E+00 0.00000E+00 0.00000E+00 0.00000E+00 0.00000E+00 0.00000E+00 0.00000E+00 0.00000E+00 0.00000E+00 0.00000E+00 0.00000E+00 0.00000E+00 0.00000E+00 0.00000E+00 0.00000E+00 0.00000E+00 0.00000E+00 0.00000E+00 0.00000E+00 ];

MAT_fuelsalt_ADENS = [
0.00000E+00 5.41044E-17 1.08218E-16 2.60483E-15 7.80698E-15 1.81902E-14 3.62379E-14 5.39606E-14 7.13732E-14 8.85430E-14 1.05465E-13 1.22159E-13 1.38658E-13 1.54991E-13 1.71161E-13 1.87145E-13 2.03033E-13 2.18803E-13 2.34451E-13 2.49980E-13 2.65424E-13 2.80782E-13 2.96015E-13 3.11203E-13 3.26306E-13 3.41351E-13 3.56335E-13 3.71231E-13 4.35111E-13 4.98165E-13 5.60417E-13 6.22105E-13 6.83431E-13 7.44459E-13 8.05253E-13 8.65723E-13 9.26026E-13 9.86087E-13 1.04603E-12 1.10583E-12 1.16581E-12 1.22556E-12 1.28519E-12 1.34489E-12 1.40447E-12 1.46408E-12 1.52363E-12 1.58321E-12 1.64271E-12 1.70218E-12 1.76167E-12 1.82120E-12 1.88066E-12 1.94013E-12 1.99968E-12 2.05922E-12 2.11872E-12 2.17820E-12 2.23780E-12 2.29727E-12 2.35682E-12 2.41636E-12 2.47592E-12 2.53561E-12 2.59524E-12 2.65499E-12 2.71470E-12 2.77450E-12 2.83423E-12 2.89399E-12 2.95382E-12 3.01366E-12 % lost data
7.97438E-02 7.97438E-02 7.97438E-02 7.97438E-02 7.97439E-02 7.97441E-02 7.97443E-02 7.97446E-02 7.97448E-02 7.97451E-02 7.97453E-02 7.97456E-02 7.97459E-02 7.97461E-02 7.97464E-02 7.97466E-02 7.97469E-02 7.97471E-02 7.97474E-02 7.97476E-02 7.97479E-02 7.97482E-02 7.97484E-02 7.97487E-02 7.97489E-02 7.97492E-02 7.97494E-02 7.97497E-02 7.97508E-02 7.97519E-02 7.97530E-02 7.97541E-02 7.97552E-02 7.97563E-02 7.97573E-02 7.97584E-02 7.97594E-02 7.97604E-02 7.97615E-02 7.97625E-02 7.97635E-02 7.97645E-02 7.97654E-02 7.97664E-02 7.97674E-02 7.97683E-02 7.97692E-02 7.97702E-02 7.97711E-02 7.97720E-02 7.97729E-02 7.97738E-02 7.97747E-02 7.97755E-02 7.97764E-02 7.97773E-02 7.97781E-02 7.97789E-02 7.97798E-02 7.97806E-02 7.97814E-02 7.97822E-02 7.97830E-02 7.97837E-02 7.97845E-02 7.97853E-02 7.97860E-02 7.97868E-02 7.97875E-02 7.97882E-02 7.97890E-02 7.97897E-02 % total
];

MAT_fuelsalt_MDENS = [
0.00000E+00 0.00000E+00 0.00000E+00 0.00000E+00 0.00000E+00 0.00000E+00 0.00000E+00 0.00000E+00 0.00000E+00 0.00000E+00 0.00000E+00 0.00000E+00 0.00000E+00 0.00000E+00 0.00000E+00 0.00000E+00 0.00000E+00 0.00000E+00 0.00000E+00 0.00000E+00 0.00000E+00 0.00000E+00 0.00000E+00 0.00000E+00 0.00000E+00 0.00000E+00 0.00000E+00 0.00000E+00 0.00000E+00 0.00000E+00 0.00000E+00 0.00000E+00 0.00000E+00 0.00000E+00 0.00000E+00 0.00000E+00 0.00000E+00 0.00000E+00 0.00000E+00 0.00000E+00 0.00000E+00 0.00000E+00 0.00000E+00 0.00000E+00 0.00000E+00 0.00000E+00 0.00000E+00 0.00000E+00 0.00000E+00 0.00000E+00 0.00000E+00 0.00000E+00 0.00000E+00 0.00000E+00 0.00000E+00 0.00000E+00 0.00000E+00 0.00000E+00 0.00000E+00 0.00000E+00 0.00000E+00 0.00000E+00 0.00000E+00 0.00000E+00 0.00000E+00 0.00000E+00 0.00000E+00 0.00000E+00 0.00000E+00 0.00000E+00 0.00000E+00 0.00000E+00 % lost data
3.35933E+00 3.35933E+00 3.35933E+00 3.35932E+00 3.35929E+00 3.35924E+00 3.35914E+00 3.35903E+00 3.35893E+00 3.35883E+00 3.35872E+00 3.35862E+00 3.35852E+00 3.35842E+00 3.35832E+00 3.35822E+00 3.35812E+00 3.35802E+00 3.35792E+00 3.35782E+00 3.35773E+00 3.35763E+00 3.35753E+00 3.35744E+00 3.35734E+00 3.35724E+00 3.35715E+00 3.35705E+00 3.35664E+00 3.35624E+00 3.35584E+00 3.35544E+00 3.35506E+00 3.35468E+00 3.35430E+00 3.35393E+00 3.35356E+00 3.35320E+00 3.35284E+00 3.35249E+00 3.35214E+00 3.35180E+00 3.35146E+00 3.35112E+00 3.35079E+00 3.35047E+00 3.35014E+00 3.34983E+00 3.34951E+00 3.34920E+00 3.34889E+00 3.34859E+00 3.34829E+00 3.34799E+00 3.34770E+00 3.34741E+00 3.34712E+00 3.34684E+00 3.34656E+00 3.34629E+00 3.34601E+00 3.34575E+00 3.34548E+00 3.34522E+00 3.34496E+00 3.34470E+00 3.34445E+00 3.34420E+00 3.34395E+00 3.34370E+00 3.34346E+00 3.34322E+00 % total
];

MAT_fuelsalt_A = [
0.00000E+00 0.00000E+00 0.00000E+00 0.00000E+00 0.00000E+00 0.00000E+00 0.00000E+00 0.00000E+00 0.00000E+00 0.00000E+00 0.00000E+00 0.00000E+00 0.00000E+00 0.00000E+00 0.00000E+00 0.00000E+00 0.00000E+00 0.00000E+00 0.00000E+00 0.00000E+00 0.00000E+00 0.00000E+00 0.00000E+00 0.00000E+00 0.00000E+00 0.00000E+00 0.00000E+00 0.00000E+00 0.00000E+00 0.00000E+00 0.00000E+00 0.00000E+00 0.00000E+00 0.00000E+00 0.00000E+00 0.00000E+00 0.00000E+00 0.00000E+00 0.00000E+00 0.00000E+00 0.00000E+00 0.00000E+00 0.00000E+00 0.00000E+00 0.00000E+00 0.00000E+00 0.00000E+00 0.00000E+00 0.00000E+00 0.00000E+00 0.00000E+00 0.00000E+00 0.00000E+00 0.00000E+00 0.00000E+00 0.00000E+00 0.00000E+00 0.00000E+00 0.00000E+00 0.00000E+00 0.00000E+00 0.00000E+00 0.00000E+00 0.00000E+00 0.00000E+00 0.00000E+00 0.00000E+00 0.00000E+00 0.00000E+00 0.00000E+00 0.00000E+00 0.00000E+00 % lost data
1.11355E+12 6.27425E+19 7.08655E+19 9.17667E+19 1.01122E+20 1.08858E+20 1.13483E+20 1.14419E+20 1.14716E+20 1.14877E+20 1.14933E+20 1.14893E+20 1.14910E+20 1.14989E+20 1.14907E+20 1.14890E+20 1.14894E+20 1.14821E+20 1.14817E+20 1.14805E+20 1.14755E+20 1.14816E+20 1.14657E+20 1.14661E+20 1.14694E+20 1.14653E+20 1.14624E+20 1.14630E+20 1.17272E+20 1.17028E+20 1.16748E+20 1.16482E+20 1.16302E+20 1.16129E+20 1.15963E+20 1.15818E+20 1.15716E+20 1.15590E+20 1.15457E+20 1.15324E+20 1.15228E+20 1.15169E+20 1.15082E+20 1.14950E+20 1.14970E+20 1.14907E+20 1.14817E+20 1.14772E+20 1.14594E+20 1.14586E+20 1.14598E+20 1.14478E+20 1.14420E+20 1.14424E+20 1.14315E+20 1.14249E+20 1.14188E+20 1.14212E+20 1.14145E+20 1.14075E+20 1.14100E+20 1.14039E+20 1.13971E+20 1.13892E+20 1.13919E+20 1.13819E+20 1.13858E+20 1.13841E+20 1.13804E+20 1.13716E+20 1.13670E+20 1.13665E+20 % total
];

