
ZAI = [
666
0
];

NAMES = [
'lost            '
'total           '
];

iLOST    = 1;
iTOT     = 2;

MAT_fuelsalt_VOLUME = [ 1.36700E+07 1.36700E+07 1.36700E+07 1.36700E+07 1.36700E+07 1.36700E+07 1.36700E+07 1.36700E+07 1.36700E+07 1.36700E+07 1.36700E+07 1.36700E+07 1.36700E+07 1.36700E+07 1.36700E+07 1.36700E+07 1.36700E+07 1.36700E+07 1.36700E+07 1.36700E+07 1.36700E+07 1.36700E+07 1.36700E+07 1.36700E+07 1.36700E+07 1.36700E+07 1.36700E+07 1.36700E+07 1.36700E+07 1.36700E+07 1.36700E+07 1.36700E+07 1.36700E+07 1.36700E+07 1.36700E+07 1.36700E+07 1.36700E+07 1.36700E+07 1.36700E+07 1.36700E+07 1.36700E+07 1.36700E+07 1.36700E+07 1.36700E+07 1.36700E+07 1.36700E+07 1.36700E+07 1.36700E+07 1.36700E+07 1.36700E+07 1.36700E+07 1.36700E+07 1.36700E+07 1.36700E+07 1.36700E+07 1.36700E+07 1.36700E+07 1.36700E+07 1.36700E+07 1.36700E+07 1.36700E+07 1.36700E+07 1.36700E+07 1.36700E+07 1.36700E+07 1.36700E+07 1.36700E+07 1.36700E+07 1.36700E+07 1.36700E+07 1.36700E+07 1.36700E+07 ];

MAT_fuelsalt_BURNUP = [ 0.00000E+00 0.00000E+00 0.00000E+00 0.00000E+00 0.00000E+00 0.00000E+00 0.00000E+00 0.00000E+00 0.00000E+00 0.00000E+00 0.00000E+00 0.00000E+00 0.00000E+00 0.00000E+00 0.00000E+00 0.00000E+00 0.00000E+00 0.00000E+00 0.00000E+00 0.00000E+00 0.00000E+00 0.00000E+00 0.00000E+00 0.00000E+00 0.00000E+00 0.00000E+00 0.00000E+00 0.00000E+00 0.00000E+00 0.00000E+00 0.00000E+00 0.00000E+00 0.00000E+00 0.00000E+00 0.00000E+00 0.00000E+00 0.00000E+00 0.00000E+00 0.00000E+00 0.00000E+00 0.00000E+00 0.00000E+00 0.00000E+00 0.00000E+00 0.00000E+00 0.00000E+00 0.00000E+00 0.00000E+00 0.00000E+00 0.00000E+00 0.00000E+00 0.00000E+00 0.00000E+00 0.00000E+00 0.00000E+00 0.00000E+00 0.00000E+00 0.00000E+00 0.00000E+00 0.00000E+00 0.00000E+00 0.00000E+00 0.00000E+00 0.00000E+00 0.00000E+00 0.00000E+00 0.00000E+00 0.00000E+00 0.00000E+00 0.00000E+00 0.00000E+00 0.00000E+00 ];

MAT_fuelsalt_ADENS = [
0.00000E+00 5.38106E-17 1.07628E-16 2.58482E-15 7.75951E-15 1.80799E-14 3.60168E-14 5.36730E-14 7.10441E-14 8.81701E-14 1.05058E-13 1.21745E-13 1.38240E-13 1.54562E-13 1.70735E-13 1.86752E-13 2.02640E-13 2.18397E-13 2.34026E-13 2.49559E-13 2.64978E-13 2.80341E-13 2.95577E-13 3.10721E-13 3.25821E-13 3.40837E-13 3.55774E-13 3.70667E-13 4.34250E-13 4.96868E-13 5.58773E-13 6.20006E-13 6.80819E-13 7.41306E-13 8.01366E-13 8.61205E-13 9.20860E-13 9.80326E-13 1.03976E-12 1.09885E-12 1.15793E-12 1.21685E-12 1.27567E-12 1.33448E-12 1.39325E-12 1.45194E-12 1.51049E-12 1.56915E-12 1.62765E-12 1.68617E-12 1.74481E-12 1.80335E-12 1.86189E-12 1.92036E-12 1.97883E-12 2.03735E-12 2.09598E-12 2.15466E-12 2.21330E-12 2.27195E-12 2.33071E-12 2.38934E-12 2.44809E-12 2.50689E-12 2.56562E-12 2.62449E-12 2.68336E-12 2.74229E-12 2.80112E-12 2.86023E-12 2.91930E-12 2.97838E-12 % lost data
7.97438E-02 7.97438E-02 7.97438E-02 7.97438E-02 7.97439E-02 7.97441E-02 7.97443E-02 7.97446E-02 7.97448E-02 7.97451E-02 7.97453E-02 7.97456E-02 7.97459E-02 7.97461E-02 7.97464E-02 7.97466E-02 7.97469E-02 7.97472E-02 7.97474E-02 7.97477E-02 7.97479E-02 7.97482E-02 7.97485E-02 7.97487E-02 7.97490E-02 7.97492E-02 7.97495E-02 7.97497E-02 7.97509E-02 7.97520E-02 7.97531E-02 7.97542E-02 7.97554E-02 7.97565E-02 7.97576E-02 7.97587E-02 7.97597E-02 7.97608E-02 7.97619E-02 7.97630E-02 7.97640E-02 7.97651E-02 7.97661E-02 7.97672E-02 7.97682E-02 7.97692E-02 7.97702E-02 7.97712E-02 7.97722E-02 7.97732E-02 7.97742E-02 7.97752E-02 7.97762E-02 7.97772E-02 7.97781E-02 7.97791E-02 7.97800E-02 7.97809E-02 7.97819E-02 7.97828E-02 7.97837E-02 7.97846E-02 7.97855E-02 7.97864E-02 7.97873E-02 7.97882E-02 7.97891E-02 7.97899E-02 7.97908E-02 7.97917E-02 7.97925E-02 7.97933E-02 % total
];

MAT_fuelsalt_MDENS = [
0.00000E+00 0.00000E+00 0.00000E+00 0.00000E+00 0.00000E+00 0.00000E+00 0.00000E+00 0.00000E+00 0.00000E+00 0.00000E+00 0.00000E+00 0.00000E+00 0.00000E+00 0.00000E+00 0.00000E+00 0.00000E+00 0.00000E+00 0.00000E+00 0.00000E+00 0.00000E+00 0.00000E+00 0.00000E+00 0.00000E+00 0.00000E+00 0.00000E+00 0.00000E+00 0.00000E+00 0.00000E+00 0.00000E+00 0.00000E+00 0.00000E+00 0.00000E+00 0.00000E+00 0.00000E+00 0.00000E+00 0.00000E+00 0.00000E+00 0.00000E+00 0.00000E+00 0.00000E+00 0.00000E+00 0.00000E+00 0.00000E+00 0.00000E+00 0.00000E+00 0.00000E+00 0.00000E+00 0.00000E+00 0.00000E+00 0.00000E+00 0.00000E+00 0.00000E+00 0.00000E+00 0.00000E+00 0.00000E+00 0.00000E+00 0.00000E+00 0.00000E+00 0.00000E+00 0.00000E+00 0.00000E+00 0.00000E+00 0.00000E+00 0.00000E+00 0.00000E+00 0.00000E+00 0.00000E+00 0.00000E+00 0.00000E+00 0.00000E+00 0.00000E+00 0.00000E+00 % lost data
3.35931E+00 3.35931E+00 3.35931E+00 3.35930E+00 3.35927E+00 3.35922E+00 3.35912E+00 3.35901E+00 3.35891E+00 3.35881E+00 3.35871E+00 3.35861E+00 3.35851E+00 3.35841E+00 3.35831E+00 3.35821E+00 3.35811E+00 3.35801E+00 3.35791E+00 3.35781E+00 3.35772E+00 3.35762E+00 3.35752E+00 3.35743E+00 3.35733E+00 3.35723E+00 3.35714E+00 3.35704E+00 3.35663E+00 3.35622E+00 3.35582E+00 3.35542E+00 3.35503E+00 3.35464E+00 3.35425E+00 3.35387E+00 3.35349E+00 3.35312E+00 3.35275E+00 3.35239E+00 3.35202E+00 3.35166E+00 3.35131E+00 3.35096E+00 3.35061E+00 3.35026E+00 3.34992E+00 3.34958E+00 3.34924E+00 3.34891E+00 3.34858E+00 3.34825E+00 3.34793E+00 3.34761E+00 3.34729E+00 3.34697E+00 3.34666E+00 3.34635E+00 3.34604E+00 3.34573E+00 3.34543E+00 3.34513E+00 3.34483E+00 3.34454E+00 3.34425E+00 3.34396E+00 3.34367E+00 3.34339E+00 3.34310E+00 3.34282E+00 3.34255E+00 3.34227E+00 % total
];

MAT_fuelsalt_A = [
0.00000E+00 0.00000E+00 0.00000E+00 0.00000E+00 0.00000E+00 0.00000E+00 0.00000E+00 0.00000E+00 0.00000E+00 0.00000E+00 0.00000E+00 0.00000E+00 0.00000E+00 0.00000E+00 0.00000E+00 0.00000E+00 0.00000E+00 0.00000E+00 0.00000E+00 0.00000E+00 0.00000E+00 0.00000E+00 0.00000E+00 0.00000E+00 0.00000E+00 0.00000E+00 0.00000E+00 0.00000E+00 0.00000E+00 0.00000E+00 0.00000E+00 0.00000E+00 0.00000E+00 0.00000E+00 0.00000E+00 0.00000E+00 0.00000E+00 0.00000E+00 0.00000E+00 0.00000E+00 0.00000E+00 0.00000E+00 0.00000E+00 0.00000E+00 0.00000E+00 0.00000E+00 0.00000E+00 0.00000E+00 0.00000E+00 0.00000E+00 0.00000E+00 0.00000E+00 0.00000E+00 0.00000E+00 0.00000E+00 0.00000E+00 0.00000E+00 0.00000E+00 0.00000E+00 0.00000E+00 0.00000E+00 0.00000E+00 0.00000E+00 0.00000E+00 0.00000E+00 0.00000E+00 0.00000E+00 0.00000E+00 0.00000E+00 0.00000E+00 0.00000E+00 0.00000E+00 % lost data
1.16037E+12 6.24457E+19 7.04858E+19 9.11300E+19 1.00397E+20 1.07898E+20 1.12336E+20 1.13400E+20 1.13767E+20 1.13994E+20 1.14159E+20 1.14266E+20 1.14376E+20 1.14425E+20 1.14446E+20 1.14497E+20 1.14525E+20 1.14578E+20 1.14501E+20 1.14506E+20 1.14535E+20 1.14566E+20 1.14611E+20 1.14629E+20 1.14623E+20 1.14634E+20 1.14636E+20 1.14699E+20 1.17004E+20 1.16747E+20 1.16602E+20 1.16469E+20 1.16407E+20 1.16361E+20 1.16271E+20 1.16254E+20 1.16189E+20 1.16169E+20 1.16081E+20 1.16080E+20 1.16047E+20 1.15986E+20 1.15991E+20 1.16000E+20 1.15897E+20 1.15837E+20 1.15926E+20 1.15919E+20 1.15878E+20 1.15854E+20 1.15798E+20 1.15810E+20 1.15790E+20 1.15797E+20 1.15737E+20 1.15717E+20 1.15690E+20 1.15700E+20 1.15683E+20 1.15657E+20 1.15627E+20 1.15675E+20 1.15604E+20 1.15611E+20 1.15566E+20 1.15622E+20 1.15599E+20 1.15604E+20 1.15563E+20 1.15549E+20 1.15489E+20 1.15517E+20 % total
];

