
ZAI = [
666
0
];

NAMES = [
'lost            '
'total           '
];

iLOST    = 1;
iTOT     = 2;

MAT_fuelsalt_VOLUME = [ 1.36700E+07 1.36700E+07 1.36700E+07 1.36700E+07 1.36700E+07 1.36700E+07 1.36700E+07 1.36700E+07 1.36700E+07 1.36700E+07 1.36700E+07 1.36700E+07 1.36700E+07 1.36700E+07 1.36700E+07 1.36700E+07 1.36700E+07 1.36700E+07 1.36700E+07 1.36700E+07 1.36700E+07 1.36700E+07 1.36700E+07 1.36700E+07 1.36700E+07 1.36700E+07 1.36700E+07 1.36700E+07 1.36700E+07 1.36700E+07 1.36700E+07 1.36700E+07 1.36700E+07 1.36700E+07 1.36700E+07 1.36700E+07 1.36700E+07 1.36700E+07 1.36700E+07 1.36700E+07 1.36700E+07 1.36700E+07 1.36700E+07 1.36700E+07 1.36700E+07 1.36700E+07 1.36700E+07 1.36700E+07 1.36700E+07 1.36700E+07 1.36700E+07 1.36700E+07 1.36700E+07 1.36700E+07 1.36700E+07 1.36700E+07 1.36700E+07 1.36700E+07 1.36700E+07 1.36700E+07 1.36700E+07 1.36700E+07 1.36700E+07 1.36700E+07 1.36700E+07 1.36700E+07 1.36700E+07 1.36700E+07 1.36700E+07 1.36700E+07 1.36700E+07 1.36700E+07 ];

MAT_fuelsalt_BURNUP = [ 0.00000E+00 0.00000E+00 0.00000E+00 0.00000E+00 0.00000E+00 0.00000E+00 0.00000E+00 0.00000E+00 0.00000E+00 0.00000E+00 0.00000E+00 0.00000E+00 0.00000E+00 0.00000E+00 0.00000E+00 0.00000E+00 0.00000E+00 0.00000E+00 0.00000E+00 0.00000E+00 0.00000E+00 0.00000E+00 0.00000E+00 0.00000E+00 0.00000E+00 0.00000E+00 0.00000E+00 0.00000E+00 0.00000E+00 0.00000E+00 0.00000E+00 0.00000E+00 0.00000E+00 0.00000E+00 0.00000E+00 0.00000E+00 0.00000E+00 0.00000E+00 0.00000E+00 0.00000E+00 0.00000E+00 0.00000E+00 0.00000E+00 0.00000E+00 0.00000E+00 0.00000E+00 0.00000E+00 0.00000E+00 0.00000E+00 0.00000E+00 0.00000E+00 0.00000E+00 0.00000E+00 0.00000E+00 0.00000E+00 0.00000E+00 0.00000E+00 0.00000E+00 0.00000E+00 0.00000E+00 0.00000E+00 0.00000E+00 0.00000E+00 0.00000E+00 0.00000E+00 0.00000E+00 0.00000E+00 0.00000E+00 0.00000E+00 0.00000E+00 0.00000E+00 0.00000E+00 ];

MAT_fuelsalt_ADENS = [
0.00000E+00 5.37766E-17 1.07596E-16 2.58587E-15 7.76286E-15 1.80871E-14 3.60452E-14 5.37243E-14 7.11087E-14 8.82472E-14 1.05160E-13 1.21869E-13 1.38386E-13 1.54764E-13 1.70990E-13 1.87064E-13 2.03005E-13 2.18849E-13 2.34585E-13 2.50234E-13 2.65790E-13 2.81257E-13 2.96649E-13 3.11989E-13 3.27234E-13 3.42442E-13 3.57587E-13 3.72697E-13 4.37470E-13 5.01571E-13 5.65104E-13 6.28038E-13 6.90493E-13 7.52771E-13 8.14744E-13 8.76542E-13 9.38122E-13 9.99692E-13 1.06101E-12 1.12233E-12 1.18353E-12 1.24460E-12 1.30569E-12 1.36671E-12 1.42763E-12 1.48852E-12 1.54942E-12 1.61033E-12 1.67115E-12 1.73194E-12 1.79275E-12 1.85356E-12 1.91429E-12 1.97500E-12 2.03572E-12 2.09650E-12 2.15731E-12 2.21810E-12 2.27891E-12 2.33974E-12 2.40058E-12 2.46144E-12 2.52224E-12 2.58311E-12 2.64390E-12 2.70474E-12 2.76561E-12 2.82653E-12 2.88737E-12 2.94833E-12 3.00922E-12 3.07007E-12 % lost data
7.97438E-02 7.97438E-02 7.97438E-02 7.97438E-02 7.97439E-02 7.97441E-02 7.97443E-02 7.97446E-02 7.97448E-02 7.97451E-02 7.97453E-02 7.97456E-02 7.97459E-02 7.97461E-02 7.97464E-02 7.97466E-02 7.97469E-02 7.97471E-02 7.97474E-02 7.97476E-02 7.97479E-02 7.97481E-02 7.97484E-02 7.97486E-02 7.97489E-02 7.97491E-02 7.97494E-02 7.97496E-02 7.97507E-02 7.97518E-02 7.97528E-02 7.97539E-02 7.97549E-02 7.97559E-02 7.97569E-02 7.97578E-02 7.97588E-02 7.97597E-02 7.97607E-02 7.97616E-02 7.97625E-02 7.97633E-02 7.97642E-02 7.97651E-02 7.97659E-02 7.97667E-02 7.97675E-02 7.97683E-02 7.97691E-02 7.97699E-02 7.97706E-02 7.97714E-02 7.97721E-02 7.97728E-02 7.97735E-02 7.97742E-02 7.97749E-02 7.97756E-02 7.97762E-02 7.97769E-02 7.97775E-02 7.97781E-02 7.97788E-02 7.97794E-02 7.97800E-02 7.97805E-02 7.97811E-02 7.97817E-02 7.97822E-02 7.97828E-02 7.97833E-02 7.97838E-02 % total
];

MAT_fuelsalt_MDENS = [
0.00000E+00 0.00000E+00 0.00000E+00 0.00000E+00 0.00000E+00 0.00000E+00 0.00000E+00 0.00000E+00 0.00000E+00 0.00000E+00 0.00000E+00 0.00000E+00 0.00000E+00 0.00000E+00 0.00000E+00 0.00000E+00 0.00000E+00 0.00000E+00 0.00000E+00 0.00000E+00 0.00000E+00 0.00000E+00 0.00000E+00 0.00000E+00 0.00000E+00 0.00000E+00 0.00000E+00 0.00000E+00 0.00000E+00 0.00000E+00 0.00000E+00 0.00000E+00 0.00000E+00 0.00000E+00 0.00000E+00 0.00000E+00 0.00000E+00 0.00000E+00 0.00000E+00 0.00000E+00 0.00000E+00 0.00000E+00 0.00000E+00 0.00000E+00 0.00000E+00 0.00000E+00 0.00000E+00 0.00000E+00 0.00000E+00 0.00000E+00 0.00000E+00 0.00000E+00 0.00000E+00 0.00000E+00 0.00000E+00 0.00000E+00 0.00000E+00 0.00000E+00 0.00000E+00 0.00000E+00 0.00000E+00 0.00000E+00 0.00000E+00 0.00000E+00 0.00000E+00 0.00000E+00 0.00000E+00 0.00000E+00 0.00000E+00 0.00000E+00 0.00000E+00 0.00000E+00 % lost data
3.35931E+00 3.35931E+00 3.35931E+00 3.35930E+00 3.35927E+00 3.35921E+00 3.35911E+00 3.35901E+00 3.35890E+00 3.35880E+00 3.35869E+00 3.35859E+00 3.35849E+00 3.35838E+00 3.35828E+00 3.35818E+00 3.35808E+00 3.35798E+00 3.35788E+00 3.35779E+00 3.35769E+00 3.35759E+00 3.35749E+00 3.35740E+00 3.35730E+00 3.35720E+00 3.35711E+00 3.35702E+00 3.35661E+00 3.35621E+00 3.35582E+00 3.35543E+00 3.35506E+00 3.35469E+00 3.35433E+00 3.35398E+00 3.35363E+00 3.35329E+00 3.35296E+00 3.35263E+00 3.35231E+00 3.35199E+00 3.35168E+00 3.35138E+00 3.35108E+00 3.35079E+00 3.35050E+00 3.35022E+00 3.34994E+00 3.34967E+00 3.34940E+00 3.34914E+00 3.34888E+00 3.34862E+00 3.34838E+00 3.34813E+00 3.34789E+00 3.34766E+00 3.34742E+00 3.34720E+00 3.34697E+00 3.34675E+00 3.34654E+00 3.34633E+00 3.34612E+00 3.34592E+00 3.34571E+00 3.34552E+00 3.34532E+00 3.34513E+00 3.34495E+00 3.34476E+00 % total
];

MAT_fuelsalt_A = [
0.00000E+00 0.00000E+00 0.00000E+00 0.00000E+00 0.00000E+00 0.00000E+00 0.00000E+00 0.00000E+00 0.00000E+00 0.00000E+00 0.00000E+00 0.00000E+00 0.00000E+00 0.00000E+00 0.00000E+00 0.00000E+00 0.00000E+00 0.00000E+00 0.00000E+00 0.00000E+00 0.00000E+00 0.00000E+00 0.00000E+00 0.00000E+00 0.00000E+00 0.00000E+00 0.00000E+00 0.00000E+00 0.00000E+00 0.00000E+00 0.00000E+00 0.00000E+00 0.00000E+00 0.00000E+00 0.00000E+00 0.00000E+00 0.00000E+00 0.00000E+00 0.00000E+00 0.00000E+00 0.00000E+00 0.00000E+00 0.00000E+00 0.00000E+00 0.00000E+00 0.00000E+00 0.00000E+00 0.00000E+00 0.00000E+00 0.00000E+00 0.00000E+00 0.00000E+00 0.00000E+00 0.00000E+00 0.00000E+00 0.00000E+00 0.00000E+00 0.00000E+00 0.00000E+00 0.00000E+00 0.00000E+00 0.00000E+00 0.00000E+00 0.00000E+00 0.00000E+00 0.00000E+00 0.00000E+00 0.00000E+00 0.00000E+00 0.00000E+00 0.00000E+00 0.00000E+00 % lost data
1.16037E+12 6.24519E+19 7.04805E+19 9.12248E+19 1.00503E+20 1.08153E+20 1.12739E+20 1.13635E+20 1.13929E+20 1.14009E+20 1.14043E+20 1.14058E+20 1.14020E+20 1.14001E+20 1.13992E+20 1.13918E+20 1.13873E+20 1.13817E+20 1.13801E+20 1.13785E+20 1.13675E+20 1.13635E+20 1.13592E+20 1.13571E+20 1.13530E+20 1.13469E+20 1.13418E+20 1.13391E+20 1.16407E+20 1.15970E+20 1.15645E+20 1.15335E+20 1.15019E+20 1.14686E+20 1.14505E+20 1.14230E+20 1.14089E+20 1.13883E+20 1.13755E+20 1.13509E+20 1.13400E+20 1.13271E+20 1.13181E+20 1.13009E+20 1.12857E+20 1.12815E+20 1.12701E+20 1.12604E+20 1.12473E+20 1.12313E+20 1.12345E+20 1.12208E+20 1.12191E+20 1.12056E+20 1.11949E+20 1.11904E+20 1.11821E+20 1.11746E+20 1.11762E+20 1.11693E+20 1.11598E+20 1.11567E+20 1.11513E+20 1.11395E+20 1.11394E+20 1.11328E+20 1.11320E+20 1.11240E+20 1.11183E+20 1.11137E+20 1.11117E+20 1.11148E+20 % total
];

