
ZAI = [
666
0
];

NAMES = [
'lost            '
'total           '
];

iLOST    = 1;
iTOT     = 2;

MAT_fuelsalt_VOLUME = [ 1.36700E+07 1.36700E+07 1.36700E+07 1.36700E+07 1.36700E+07 1.36700E+07 1.36700E+07 1.36700E+07 1.36700E+07 1.36700E+07 1.36700E+07 1.36700E+07 1.36700E+07 1.36700E+07 1.36700E+07 1.36700E+07 1.36700E+07 1.36700E+07 1.36700E+07 1.36700E+07 1.36700E+07 1.36700E+07 1.36700E+07 1.36700E+07 1.36700E+07 1.36700E+07 1.36700E+07 1.36700E+07 1.36700E+07 1.36700E+07 1.36700E+07 1.36700E+07 1.36700E+07 1.36700E+07 1.36700E+07 1.36700E+07 1.36700E+07 1.36700E+07 1.36700E+07 1.36700E+07 1.36700E+07 1.36700E+07 1.36700E+07 1.36700E+07 1.36700E+07 1.36700E+07 1.36700E+07 1.36700E+07 1.36700E+07 1.36700E+07 1.36700E+07 1.36700E+07 1.36700E+07 1.36700E+07 1.36700E+07 1.36700E+07 1.36700E+07 1.36700E+07 1.36700E+07 1.36700E+07 1.36700E+07 1.36700E+07 1.36700E+07 1.36700E+07 1.36700E+07 1.36700E+07 1.36700E+07 1.36700E+07 1.36700E+07 1.36700E+07 1.36700E+07 1.36700E+07 ];

MAT_fuelsalt_BURNUP = [ 0.00000E+00 0.00000E+00 0.00000E+00 0.00000E+00 0.00000E+00 0.00000E+00 0.00000E+00 0.00000E+00 0.00000E+00 0.00000E+00 0.00000E+00 0.00000E+00 0.00000E+00 0.00000E+00 0.00000E+00 0.00000E+00 0.00000E+00 0.00000E+00 0.00000E+00 0.00000E+00 0.00000E+00 0.00000E+00 0.00000E+00 0.00000E+00 0.00000E+00 0.00000E+00 0.00000E+00 0.00000E+00 0.00000E+00 0.00000E+00 0.00000E+00 0.00000E+00 0.00000E+00 0.00000E+00 0.00000E+00 0.00000E+00 0.00000E+00 0.00000E+00 0.00000E+00 0.00000E+00 0.00000E+00 0.00000E+00 0.00000E+00 0.00000E+00 0.00000E+00 0.00000E+00 0.00000E+00 0.00000E+00 0.00000E+00 0.00000E+00 0.00000E+00 0.00000E+00 0.00000E+00 0.00000E+00 0.00000E+00 0.00000E+00 0.00000E+00 0.00000E+00 0.00000E+00 0.00000E+00 0.00000E+00 0.00000E+00 0.00000E+00 0.00000E+00 0.00000E+00 0.00000E+00 0.00000E+00 0.00000E+00 0.00000E+00 0.00000E+00 0.00000E+00 0.00000E+00 ];

MAT_fuelsalt_ADENS = [
0.00000E+00 5.37629E-17 1.07598E-16 2.58581E-15 7.77297E-15 1.81195E-14 3.60876E-14 5.37732E-14 7.11636E-14 8.83102E-14 1.05183E-13 1.21881E-13 1.38373E-13 1.54799E-13 1.71007E-13 1.87054E-13 2.03009E-13 2.18825E-13 2.34505E-13 2.50102E-13 2.65604E-13 2.81046E-13 2.96387E-13 3.11680E-13 3.26861E-13 3.41999E-13 3.57088E-13 3.72099E-13 4.36444E-13 5.00024E-13 5.62899E-13 6.25197E-13 6.87318E-13 7.48801E-13 8.10038E-13 8.71122E-13 9.31936E-13 9.92392E-13 1.05294E-12 1.11333E-12 1.17373E-12 1.23404E-12 1.29453E-12 1.35478E-12 1.41498E-12 1.47516E-12 1.53537E-12 1.59541E-12 1.65538E-12 1.71568E-12 1.77560E-12 1.83568E-12 1.89584E-12 1.95566E-12 2.01573E-12 2.07596E-12 2.13585E-12 2.19594E-12 2.25622E-12 2.31638E-12 2.37645E-12 2.43664E-12 2.49695E-12 2.55704E-12 2.61737E-12 2.67747E-12 2.73760E-12 2.79776E-12 2.85804E-12 2.91848E-12 2.97865E-12 3.03891E-12 % lost data
7.97438E-02 7.97438E-02 7.97438E-02 7.97438E-02 7.97439E-02 7.97441E-02 7.97443E-02 7.97446E-02 7.97448E-02 7.97451E-02 7.97453E-02 7.97456E-02 7.97459E-02 7.97461E-02 7.97464E-02 7.97466E-02 7.97469E-02 7.97471E-02 7.97474E-02 7.97476E-02 7.97479E-02 7.97482E-02 7.97484E-02 7.97487E-02 7.97489E-02 7.97492E-02 7.97494E-02 7.97497E-02 7.97508E-02 7.97519E-02 7.97530E-02 7.97540E-02 7.97551E-02 7.97561E-02 7.97572E-02 7.97582E-02 7.97592E-02 7.97602E-02 7.97612E-02 7.97621E-02 7.97631E-02 7.97640E-02 7.97650E-02 7.97659E-02 7.97668E-02 7.97677E-02 7.97686E-02 7.97695E-02 7.97704E-02 7.97712E-02 7.97721E-02 7.97729E-02 7.97737E-02 7.97745E-02 7.97754E-02 7.97761E-02 7.97769E-02 7.97777E-02 7.97785E-02 7.97792E-02 7.97800E-02 7.97807E-02 7.97814E-02 7.97821E-02 7.97828E-02 7.97835E-02 7.97842E-02 7.97849E-02 7.97855E-02 7.97862E-02 7.97868E-02 7.97875E-02 % total
];

MAT_fuelsalt_MDENS = [
0.00000E+00 0.00000E+00 0.00000E+00 0.00000E+00 0.00000E+00 0.00000E+00 0.00000E+00 0.00000E+00 0.00000E+00 0.00000E+00 0.00000E+00 0.00000E+00 0.00000E+00 0.00000E+00 0.00000E+00 0.00000E+00 0.00000E+00 0.00000E+00 0.00000E+00 0.00000E+00 0.00000E+00 0.00000E+00 0.00000E+00 0.00000E+00 0.00000E+00 0.00000E+00 0.00000E+00 0.00000E+00 0.00000E+00 0.00000E+00 0.00000E+00 0.00000E+00 0.00000E+00 0.00000E+00 0.00000E+00 0.00000E+00 0.00000E+00 0.00000E+00 0.00000E+00 0.00000E+00 0.00000E+00 0.00000E+00 0.00000E+00 0.00000E+00 0.00000E+00 0.00000E+00 0.00000E+00 0.00000E+00 0.00000E+00 0.00000E+00 0.00000E+00 0.00000E+00 0.00000E+00 0.00000E+00 0.00000E+00 0.00000E+00 0.00000E+00 0.00000E+00 0.00000E+00 0.00000E+00 0.00000E+00 0.00000E+00 0.00000E+00 0.00000E+00 0.00000E+00 0.00000E+00 0.00000E+00 0.00000E+00 0.00000E+00 0.00000E+00 0.00000E+00 0.00000E+00 % lost data
3.35931E+00 3.35931E+00 3.35931E+00 3.35930E+00 3.35927E+00 3.35922E+00 3.35912E+00 3.35901E+00 3.35891E+00 3.35881E+00 3.35870E+00 3.35860E+00 3.35850E+00 3.35840E+00 3.35830E+00 3.35820E+00 3.35810E+00 3.35800E+00 3.35790E+00 3.35780E+00 3.35770E+00 3.35760E+00 3.35751E+00 3.35741E+00 3.35731E+00 3.35722E+00 3.35712E+00 3.35703E+00 3.35662E+00 3.35622E+00 3.35582E+00 3.35543E+00 3.35505E+00 3.35467E+00 3.35430E+00 3.35393E+00 3.35357E+00 3.35322E+00 3.35287E+00 3.35253E+00 3.35219E+00 3.35185E+00 3.35153E+00 3.35120E+00 3.35088E+00 3.35057E+00 3.35026E+00 3.34995E+00 3.34965E+00 3.34935E+00 3.34906E+00 3.34877E+00 3.34849E+00 3.34821E+00 3.34793E+00 3.34766E+00 3.34739E+00 3.34712E+00 3.34686E+00 3.34660E+00 3.34635E+00 3.34610E+00 3.34585E+00 3.34561E+00 3.34537E+00 3.34513E+00 3.34490E+00 3.34466E+00 3.34444E+00 3.34421E+00 3.34399E+00 3.34377E+00 % total
];

MAT_fuelsalt_A = [
0.00000E+00 0.00000E+00 0.00000E+00 0.00000E+00 0.00000E+00 0.00000E+00 0.00000E+00 0.00000E+00 0.00000E+00 0.00000E+00 0.00000E+00 0.00000E+00 0.00000E+00 0.00000E+00 0.00000E+00 0.00000E+00 0.00000E+00 0.00000E+00 0.00000E+00 0.00000E+00 0.00000E+00 0.00000E+00 0.00000E+00 0.00000E+00 0.00000E+00 0.00000E+00 0.00000E+00 0.00000E+00 0.00000E+00 0.00000E+00 0.00000E+00 0.00000E+00 0.00000E+00 0.00000E+00 0.00000E+00 0.00000E+00 0.00000E+00 0.00000E+00 0.00000E+00 0.00000E+00 0.00000E+00 0.00000E+00 0.00000E+00 0.00000E+00 0.00000E+00 0.00000E+00 0.00000E+00 0.00000E+00 0.00000E+00 0.00000E+00 0.00000E+00 0.00000E+00 0.00000E+00 0.00000E+00 0.00000E+00 0.00000E+00 0.00000E+00 0.00000E+00 0.00000E+00 0.00000E+00 0.00000E+00 0.00000E+00 0.00000E+00 0.00000E+00 0.00000E+00 0.00000E+00 0.00000E+00 0.00000E+00 0.00000E+00 0.00000E+00 0.00000E+00 0.00000E+00 % lost data
1.15365E+12 6.24993E+19 7.05384E+19 9.12649E+19 1.00524E+20 1.08196E+20 1.12700E+20 1.13677E+20 1.13885E+20 1.14093E+20 1.14215E+20 1.14224E+20 1.14202E+20 1.14337E+20 1.14215E+20 1.14176E+20 1.14252E+20 1.14183E+20 1.14070E+20 1.14128E+20 1.14118E+20 1.14080E+20 1.14117E+20 1.14133E+20 1.14012E+20 1.13992E+20 1.13941E+20 1.14012E+20 1.16728E+20 1.16244E+20 1.15969E+20 1.15831E+20 1.15627E+20 1.15355E+20 1.15269E+20 1.15093E+20 1.14978E+20 1.14814E+20 1.14562E+20 1.14580E+20 1.14429E+20 1.14314E+20 1.14335E+20 1.14213E+20 1.13941E+20 1.13952E+20 1.13884E+20 1.13586E+20 1.13804E+20 1.13617E+20 1.13553E+20 1.13503E+20 1.13432E+20 1.13486E+20 1.13244E+20 1.13146E+20 1.13240E+20 1.13241E+20 1.13057E+20 1.13161E+20 1.12953E+20 1.12816E+20 1.12915E+20 1.12734E+20 1.12806E+20 1.12888E+20 1.12703E+20 1.12754E+20 1.12592E+20 1.12636E+20 1.12579E+20 1.12538E+20 % total
];

