
ZAI = [
666
0
];

NAMES = [
'lost            '
'total           '
];

iLOST    = 1;
iTOT     = 2;

MAT_fuelsalt_VOLUME = [ 1.36700E+07 1.36700E+07 1.36700E+07 1.36700E+07 1.36700E+07 1.36700E+07 1.36700E+07 1.36700E+07 1.36700E+07 1.36700E+07 1.36700E+07 1.36700E+07 1.36700E+07 1.36700E+07 1.36700E+07 1.36700E+07 1.36700E+07 1.36700E+07 1.36700E+07 1.36700E+07 1.36700E+07 1.36700E+07 1.36700E+07 1.36700E+07 1.36700E+07 1.36700E+07 1.36700E+07 1.36700E+07 1.36700E+07 1.36700E+07 1.36700E+07 1.36700E+07 1.36700E+07 1.36700E+07 1.36700E+07 1.36700E+07 1.36700E+07 1.36700E+07 1.36700E+07 1.36700E+07 1.36700E+07 1.36700E+07 1.36700E+07 1.36700E+07 1.36700E+07 1.36700E+07 1.36700E+07 1.36700E+07 1.36700E+07 1.36700E+07 1.36700E+07 1.36700E+07 1.36700E+07 1.36700E+07 1.36700E+07 1.36700E+07 1.36700E+07 1.36700E+07 1.36700E+07 1.36700E+07 1.36700E+07 1.36700E+07 1.36700E+07 1.36700E+07 1.36700E+07 1.36700E+07 1.36700E+07 1.36700E+07 1.36700E+07 1.36700E+07 1.36700E+07 1.36700E+07 ];

MAT_fuelsalt_BURNUP = [ 0.00000E+00 0.00000E+00 0.00000E+00 0.00000E+00 0.00000E+00 0.00000E+00 0.00000E+00 0.00000E+00 0.00000E+00 0.00000E+00 0.00000E+00 0.00000E+00 0.00000E+00 0.00000E+00 0.00000E+00 0.00000E+00 0.00000E+00 0.00000E+00 0.00000E+00 0.00000E+00 0.00000E+00 0.00000E+00 0.00000E+00 0.00000E+00 0.00000E+00 0.00000E+00 0.00000E+00 0.00000E+00 0.00000E+00 0.00000E+00 0.00000E+00 0.00000E+00 0.00000E+00 0.00000E+00 0.00000E+00 0.00000E+00 0.00000E+00 0.00000E+00 0.00000E+00 0.00000E+00 0.00000E+00 0.00000E+00 0.00000E+00 0.00000E+00 0.00000E+00 0.00000E+00 0.00000E+00 0.00000E+00 0.00000E+00 0.00000E+00 0.00000E+00 0.00000E+00 0.00000E+00 0.00000E+00 0.00000E+00 0.00000E+00 0.00000E+00 0.00000E+00 0.00000E+00 0.00000E+00 0.00000E+00 0.00000E+00 0.00000E+00 0.00000E+00 0.00000E+00 0.00000E+00 0.00000E+00 0.00000E+00 0.00000E+00 0.00000E+00 0.00000E+00 0.00000E+00 ];

MAT_fuelsalt_ADENS = [
0.00000E+00 5.89184E-17 1.15253E-16 5.07550E-15 9.81705E-15 1.91283E-14 3.54112E-14 5.17106E-14 6.80127E-14 8.42943E-14 1.00587E-13 1.16878E-13 1.33169E-13 1.49457E-13 1.65749E-13 1.82049E-13 1.98332E-13 2.14625E-13 2.30918E-13 2.47215E-13 2.63494E-13 2.79782E-13 2.96084E-13 3.12370E-13 3.28658E-13 3.44948E-13 3.61233E-13 3.77530E-13 4.47353E-13 5.17183E-13 5.86972E-13 6.56793E-13 7.26623E-13 7.96439E-13 8.66239E-13 9.36044E-13 1.00594E-12 1.07576E-12 1.14561E-12 1.21547E-12 1.28530E-12 1.35511E-12 1.42497E-12 1.49478E-12 1.56460E-12 1.63445E-12 1.70428E-12 1.77411E-12 1.84386E-12 1.91369E-12 1.98350E-12 2.05331E-12 2.12314E-12 2.19295E-12 2.26283E-12 2.33262E-12 2.40247E-12 2.47231E-12 2.54212E-12 2.61197E-12 2.68180E-12 2.75164E-12 2.82139E-12 2.89120E-12 2.96104E-12 3.03084E-12 3.10061E-12 3.17042E-12 3.24026E-12 3.31011E-12 3.37996E-12 3.44979E-12 % lost data
7.97438E-02 7.97438E-02 7.97438E-02 7.97438E-02 7.97438E-02 7.97438E-02 7.97438E-02 7.97438E-02 7.97438E-02 7.97438E-02 7.97438E-02 7.97438E-02 7.97438E-02 7.97438E-02 7.97438E-02 7.97438E-02 7.97438E-02 7.97438E-02 7.97438E-02 7.97438E-02 7.97438E-02 7.97438E-02 7.97438E-02 7.97438E-02 7.97438E-02 7.97438E-02 7.97438E-02 7.97438E-02 7.97438E-02 7.97438E-02 7.97438E-02 7.97438E-02 7.97438E-02 7.97438E-02 7.97438E-02 7.97438E-02 7.97438E-02 7.97438E-02 7.97438E-02 7.97438E-02 7.97438E-02 7.97438E-02 7.97438E-02 7.97438E-02 7.97438E-02 7.97438E-02 7.97438E-02 7.97438E-02 7.97438E-02 7.97438E-02 7.97438E-02 7.97438E-02 7.97438E-02 7.97438E-02 7.97438E-02 7.97438E-02 7.97438E-02 7.97438E-02 7.97438E-02 7.97438E-02 7.97438E-02 7.97438E-02 7.97438E-02 7.97438E-02 7.97438E-02 7.97438E-02 7.97438E-02 7.97438E-02 7.97438E-02 7.97438E-02 7.97438E-02 7.97438E-02 % total
];

MAT_fuelsalt_MDENS = [
0.00000E+00 0.00000E+00 0.00000E+00 0.00000E+00 0.00000E+00 0.00000E+00 0.00000E+00 0.00000E+00 0.00000E+00 0.00000E+00 0.00000E+00 0.00000E+00 0.00000E+00 0.00000E+00 0.00000E+00 0.00000E+00 0.00000E+00 0.00000E+00 0.00000E+00 0.00000E+00 0.00000E+00 0.00000E+00 0.00000E+00 0.00000E+00 0.00000E+00 0.00000E+00 0.00000E+00 0.00000E+00 0.00000E+00 0.00000E+00 0.00000E+00 0.00000E+00 0.00000E+00 0.00000E+00 0.00000E+00 0.00000E+00 0.00000E+00 0.00000E+00 0.00000E+00 0.00000E+00 0.00000E+00 0.00000E+00 0.00000E+00 0.00000E+00 0.00000E+00 0.00000E+00 0.00000E+00 0.00000E+00 0.00000E+00 0.00000E+00 0.00000E+00 0.00000E+00 0.00000E+00 0.00000E+00 0.00000E+00 0.00000E+00 0.00000E+00 0.00000E+00 0.00000E+00 0.00000E+00 0.00000E+00 0.00000E+00 0.00000E+00 0.00000E+00 0.00000E+00 0.00000E+00 0.00000E+00 0.00000E+00 0.00000E+00 0.00000E+00 0.00000E+00 0.00000E+00 % lost data
3.35933E+00 3.35923E+00 3.35913E+00 3.35784E+00 3.35779E+00 3.35779E+00 3.35779E+00 3.35779E+00 3.35779E+00 3.35779E+00 3.35779E+00 3.35779E+00 3.35779E+00 3.35779E+00 3.35779E+00 3.35779E+00 3.35779E+00 3.35779E+00 3.35779E+00 3.35779E+00 3.35779E+00 3.35779E+00 3.35779E+00 3.35779E+00 3.35779E+00 3.35779E+00 3.35779E+00 3.35779E+00 3.35779E+00 3.35779E+00 3.35779E+00 3.35779E+00 3.35779E+00 3.35779E+00 3.35779E+00 3.35779E+00 3.35779E+00 3.35779E+00 3.35779E+00 3.35779E+00 3.35779E+00 3.35779E+00 3.35779E+00 3.35779E+00 3.35779E+00 3.35779E+00 3.35779E+00 3.35779E+00 3.35779E+00 3.35779E+00 3.35779E+00 3.35779E+00 3.35779E+00 3.35779E+00 3.35779E+00 3.35779E+00 3.35779E+00 3.35779E+00 3.35779E+00 3.35779E+00 3.35779E+00 3.35779E+00 3.35779E+00 3.35779E+00 3.35779E+00 3.35779E+00 3.35779E+00 3.35779E+00 3.35779E+00 3.35779E+00 3.35779E+00 3.35779E+00 % total
];

MAT_fuelsalt_A = [
0.00000E+00 0.00000E+00 0.00000E+00 0.00000E+00 0.00000E+00 0.00000E+00 0.00000E+00 0.00000E+00 0.00000E+00 0.00000E+00 0.00000E+00 0.00000E+00 0.00000E+00 0.00000E+00 0.00000E+00 0.00000E+00 0.00000E+00 0.00000E+00 0.00000E+00 0.00000E+00 0.00000E+00 0.00000E+00 0.00000E+00 0.00000E+00 0.00000E+00 0.00000E+00 0.00000E+00 0.00000E+00 0.00000E+00 0.00000E+00 0.00000E+00 0.00000E+00 0.00000E+00 0.00000E+00 0.00000E+00 0.00000E+00 0.00000E+00 0.00000E+00 0.00000E+00 0.00000E+00 0.00000E+00 0.00000E+00 0.00000E+00 0.00000E+00 0.00000E+00 0.00000E+00 0.00000E+00 0.00000E+00 0.00000E+00 0.00000E+00 0.00000E+00 0.00000E+00 0.00000E+00 0.00000E+00 0.00000E+00 0.00000E+00 0.00000E+00 0.00000E+00 0.00000E+00 0.00000E+00 0.00000E+00 0.00000E+00 0.00000E+00 0.00000E+00 0.00000E+00 0.00000E+00 0.00000E+00 0.00000E+00 0.00000E+00 0.00000E+00 0.00000E+00 0.00000E+00 % lost data
1.11355E+12 7.44249E+19 7.78756E+19 2.10833E+20 7.33853E+19 7.16349E+19 7.16252E+19 7.16245E+19 7.16234E+19 7.16037E+19 7.16027E+19 7.16117E+19 7.16182E+19 7.16116E+19 7.16054E+19 7.16187E+19 7.16162E+19 7.16184E+19 7.16339E+19 7.16083E+19 7.16210E+19 7.16174E+19 7.15966E+19 7.16122E+19 7.16305E+19 7.15995E+19 7.16201E+19 7.16074E+19 7.16190E+19 7.16109E+19 7.16147E+19 7.16228E+19 7.16136E+19 7.16166E+19 7.15998E+19 7.16160E+19 7.15979E+19 7.16275E+19 7.16236E+19 7.16189E+19 7.16116E+19 7.15921E+19 7.16238E+19 7.16129E+19 7.16111E+19 7.16099E+19 7.16258E+19 7.16008E+19 7.16321E+19 7.16089E+19 7.16174E+19 7.16303E+19 7.16116E+19 7.16192E+19 7.16216E+19 7.16185E+19 7.16148E+19 7.16235E+19 7.16126E+19 7.16092E+19 7.16120E+19 7.16201E+19 7.16016E+19 7.16189E+19 7.16066E+19 7.16146E+19 7.16178E+19 7.16258E+19 7.16264E+19 7.16218E+19 7.16147E+19 7.16247E+19 % total
];

