
ZAI = [
666
0
];

NAMES = [
'lost            '
'total           '
];

iLOST    = 1;
iTOT     = 2;

MAT_fuelsalt_VOLUME = [ 1.36700E+07 1.36700E+07 1.36700E+07 1.36700E+07 1.36700E+07 1.36700E+07 1.36700E+07 1.36700E+07 1.36700E+07 1.36700E+07 1.36700E+07 1.36700E+07 1.36700E+07 1.36700E+07 1.36700E+07 1.36700E+07 1.36700E+07 1.36700E+07 1.36700E+07 1.36700E+07 1.36700E+07 1.36700E+07 1.36700E+07 1.36700E+07 1.36700E+07 1.36700E+07 1.36700E+07 1.36700E+07 1.36700E+07 1.36700E+07 1.36700E+07 1.36700E+07 1.36700E+07 1.36700E+07 1.36700E+07 1.36700E+07 1.36700E+07 1.36700E+07 1.36700E+07 1.36700E+07 1.36700E+07 1.36700E+07 1.36700E+07 1.36700E+07 1.36700E+07 1.36700E+07 1.36700E+07 1.36700E+07 1.36700E+07 1.36700E+07 1.36700E+07 1.36700E+07 1.36700E+07 1.36700E+07 1.36700E+07 1.36700E+07 1.36700E+07 1.36700E+07 1.36700E+07 1.36700E+07 1.36700E+07 1.36700E+07 1.36700E+07 1.36700E+07 1.36700E+07 1.36700E+07 1.36700E+07 1.36700E+07 1.36700E+07 1.36700E+07 1.36700E+07 1.36700E+07 ];

MAT_fuelsalt_BURNUP = [ 0.00000E+00 0.00000E+00 0.00000E+00 0.00000E+00 0.00000E+00 0.00000E+00 0.00000E+00 0.00000E+00 0.00000E+00 0.00000E+00 0.00000E+00 0.00000E+00 0.00000E+00 0.00000E+00 0.00000E+00 0.00000E+00 0.00000E+00 0.00000E+00 0.00000E+00 0.00000E+00 0.00000E+00 0.00000E+00 0.00000E+00 0.00000E+00 0.00000E+00 0.00000E+00 0.00000E+00 0.00000E+00 0.00000E+00 0.00000E+00 0.00000E+00 0.00000E+00 0.00000E+00 0.00000E+00 0.00000E+00 0.00000E+00 0.00000E+00 0.00000E+00 0.00000E+00 0.00000E+00 0.00000E+00 0.00000E+00 0.00000E+00 0.00000E+00 0.00000E+00 0.00000E+00 0.00000E+00 0.00000E+00 0.00000E+00 0.00000E+00 0.00000E+00 0.00000E+00 0.00000E+00 0.00000E+00 0.00000E+00 0.00000E+00 0.00000E+00 0.00000E+00 0.00000E+00 0.00000E+00 0.00000E+00 0.00000E+00 0.00000E+00 0.00000E+00 0.00000E+00 0.00000E+00 0.00000E+00 0.00000E+00 0.00000E+00 0.00000E+00 0.00000E+00 0.00000E+00 ];

MAT_fuelsalt_ADENS = [
0.00000E+00 4.98411E-17 9.96780E-17 2.39522E-15 7.18465E-15 1.67704E-14 3.35110E-14 5.02137E-14 6.68360E-14 8.33924E-14 9.98647E-14 1.16274E-13 1.32590E-13 1.48847E-13 1.65008E-13 1.81107E-13 1.97124E-13 2.13045E-13 2.28910E-13 2.44708E-13 2.60450E-13 2.76117E-13 2.91714E-13 3.07256E-13 3.22717E-13 3.38156E-13 3.53513E-13 3.68828E-13 4.34098E-13 4.98330E-13 5.61744E-13 6.24436E-13 6.86384E-13 7.47619E-13 8.08307E-13 8.68528E-13 9.28258E-13 9.87465E-13 1.04636E-12 1.10494E-12 1.16312E-12 1.22104E-12 1.27860E-12 1.33579E-12 1.39281E-12 1.44958E-12 1.50618E-12 1.56255E-12 1.61863E-12 1.67458E-12 1.73043E-12 1.78608E-12 1.84164E-12 1.89705E-12 1.95224E-12 2.00720E-12 2.06223E-12 2.11709E-12 2.17178E-12 2.22644E-12 2.28100E-12 2.33551E-12 2.38996E-12 2.44425E-12 2.49857E-12 2.55288E-12 2.60704E-12 2.66117E-12 2.71526E-12 2.76932E-12 2.82330E-12 2.87720E-12 % lost data
6.48302E-02 6.48302E-02 6.48302E-02 6.48303E-02 6.48305E-02 6.48309E-02 6.48315E-02 6.48322E-02 6.48328E-02 6.48334E-02 6.48340E-02 6.48346E-02 6.48353E-02 6.48359E-02 6.48365E-02 6.48371E-02 6.48377E-02 6.48383E-02 6.48389E-02 6.48395E-02 6.48401E-02 6.48407E-02 6.48413E-02 6.48419E-02 6.48425E-02 6.48431E-02 6.48437E-02 6.48443E-02 6.48468E-02 6.48492E-02 6.48517E-02 6.48540E-02 6.48564E-02 6.48587E-02 6.48610E-02 6.48633E-02 6.48655E-02 6.48677E-02 6.48699E-02 6.48721E-02 6.48742E-02 6.48762E-02 6.48783E-02 6.48803E-02 6.48823E-02 6.48843E-02 6.48862E-02 6.48881E-02 6.48900E-02 6.48919E-02 6.48937E-02 6.48955E-02 6.48973E-02 6.48991E-02 6.49008E-02 6.49025E-02 6.49042E-02 6.49058E-02 6.49075E-02 6.49091E-02 6.49107E-02 6.49122E-02 6.49138E-02 6.49153E-02 6.49168E-02 6.49183E-02 6.49197E-02 6.49212E-02 6.49226E-02 6.49240E-02 6.49254E-02 6.49267E-02 % total
];

MAT_fuelsalt_MDENS = [
0.00000E+00 0.00000E+00 0.00000E+00 0.00000E+00 0.00000E+00 0.00000E+00 0.00000E+00 0.00000E+00 0.00000E+00 0.00000E+00 0.00000E+00 0.00000E+00 0.00000E+00 0.00000E+00 0.00000E+00 0.00000E+00 0.00000E+00 0.00000E+00 0.00000E+00 0.00000E+00 0.00000E+00 0.00000E+00 0.00000E+00 0.00000E+00 0.00000E+00 0.00000E+00 0.00000E+00 0.00000E+00 0.00000E+00 0.00000E+00 0.00000E+00 0.00000E+00 0.00000E+00 0.00000E+00 0.00000E+00 0.00000E+00 0.00000E+00 0.00000E+00 0.00000E+00 0.00000E+00 0.00000E+00 0.00000E+00 0.00000E+00 0.00000E+00 0.00000E+00 0.00000E+00 0.00000E+00 0.00000E+00 0.00000E+00 0.00000E+00 0.00000E+00 0.00000E+00 0.00000E+00 0.00000E+00 0.00000E+00 0.00000E+00 0.00000E+00 0.00000E+00 0.00000E+00 0.00000E+00 0.00000E+00 0.00000E+00 0.00000E+00 0.00000E+00 0.00000E+00 0.00000E+00 0.00000E+00 0.00000E+00 0.00000E+00 0.00000E+00 0.00000E+00 0.00000E+00 % lost data
3.24053E+00 3.24053E+00 3.24053E+00 3.24052E+00 3.24051E+00 3.24048E+00 3.24043E+00 3.24038E+00 3.24032E+00 3.24027E+00 3.24022E+00 3.24017E+00 3.24011E+00 3.24006E+00 3.24001E+00 3.23996E+00 3.23990E+00 3.23985E+00 3.23980E+00 3.23975E+00 3.23970E+00 3.23965E+00 3.23960E+00 3.23955E+00 3.23950E+00 3.23945E+00 3.23940E+00 3.23935E+00 3.23913E+00 3.23892E+00 3.23872E+00 3.23851E+00 3.23831E+00 3.23811E+00 3.23792E+00 3.23773E+00 3.23754E+00 3.23736E+00 3.23717E+00 3.23699E+00 3.23682E+00 3.23664E+00 3.23647E+00 3.23630E+00 3.23614E+00 3.23597E+00 3.23581E+00 3.23565E+00 3.23550E+00 3.23534E+00 3.23519E+00 3.23504E+00 3.23490E+00 3.23475E+00 3.23461E+00 3.23447E+00 3.23433E+00 3.23419E+00 3.23406E+00 3.23393E+00 3.23380E+00 3.23367E+00 3.23354E+00 3.23342E+00 3.23329E+00 3.23317E+00 3.23305E+00 3.23294E+00 3.23282E+00 3.23271E+00 3.23259E+00 3.23248E+00 % total
];

MAT_fuelsalt_A = [
0.00000E+00 0.00000E+00 0.00000E+00 0.00000E+00 0.00000E+00 0.00000E+00 0.00000E+00 0.00000E+00 0.00000E+00 0.00000E+00 0.00000E+00 0.00000E+00 0.00000E+00 0.00000E+00 0.00000E+00 0.00000E+00 0.00000E+00 0.00000E+00 0.00000E+00 0.00000E+00 0.00000E+00 0.00000E+00 0.00000E+00 0.00000E+00 0.00000E+00 0.00000E+00 0.00000E+00 0.00000E+00 0.00000E+00 0.00000E+00 0.00000E+00 0.00000E+00 0.00000E+00 0.00000E+00 0.00000E+00 0.00000E+00 0.00000E+00 0.00000E+00 0.00000E+00 0.00000E+00 0.00000E+00 0.00000E+00 0.00000E+00 0.00000E+00 0.00000E+00 0.00000E+00 0.00000E+00 0.00000E+00 0.00000E+00 0.00000E+00 0.00000E+00 0.00000E+00 0.00000E+00 0.00000E+00 0.00000E+00 0.00000E+00 0.00000E+00 0.00000E+00 0.00000E+00 0.00000E+00 0.00000E+00 0.00000E+00 0.00000E+00 0.00000E+00 0.00000E+00 0.00000E+00 0.00000E+00 0.00000E+00 0.00000E+00 0.00000E+00 0.00000E+00 0.00000E+00 % lost data
1.53373E+12 6.35468E+19 7.12827E+19 9.07708E+19 9.74260E+19 1.02308E+20 1.06342E+20 1.08695E+20 1.10406E+20 1.11759E+20 1.12818E+20 1.13720E+20 1.14435E+20 1.14993E+20 1.15467E+20 1.15878E+20 1.16188E+20 1.16435E+20 1.16624E+20 1.16813E+20 1.16945E+20 1.17044E+20 1.17123E+20 1.17203E+20 1.17269E+20 1.17288E+20 1.17314E+20 1.17310E+20 1.18575E+20 1.18387E+20 1.18137E+20 1.17996E+20 1.17764E+20 1.17576E+20 1.17415E+20 1.17201E+20 1.17049E+20 1.16844E+20 1.16701E+20 1.16516E+20 1.16413E+20 1.16217E+20 1.16149E+20 1.15980E+20 1.15864E+20 1.15782E+20 1.15695E+20 1.15588E+20 1.15518E+20 1.15441E+20 1.15323E+20 1.15225E+20 1.15123E+20 1.15149E+20 1.15027E+20 1.14966E+20 1.14918E+20 1.14829E+20 1.14789E+20 1.14735E+20 1.14658E+20 1.14608E+20 1.14571E+20 1.14539E+20 1.14456E+20 1.14385E+20 1.14411E+20 1.14330E+20 1.14283E+20 1.14227E+20 1.14249E+20 1.14183E+20 % total
];

